0.000265472	0.000265472	0.000265472	0.000265472	0.000265472	0.000265472	0.000265472	0.000265472	0.000265472	0.000265472	0.000265472	0.000265472	0.000265472	0.000265472	0.000265472	0.000265472	0.000265472	0.000265472	0.000265472	0.000265472	0.000265472	0.000265472	0.000265472	0.000265472	0.000265472	0.000265472	0.000265472	0.000265472	0.000265472	0.000265472	0.000265472	0.000265472	0.000265472	0.000265472	0.000265472	0.000265472	0.000265472	0.000265472	0.000265472	0.000265472	0.000265472	0.000265472	0.000265472	0.000265472	0.000265472	0.000265472	0.000265472	0.000265472	0.000265472	0.000265472	0.000265472	0.000265472	0.000265472	0.000265472	0.000265472	0.000265472	0.000265472	0.000265472	0.000265472	0.000265472	0.000265472	0.000265472	0.000265472	0.000265472	0.000265472	0.000265472	0.000265472	0.000265472	0.000265472	0.000265472	0.000265472	0.000265472	0.000265472	0.000265472	0.000265472	0.000265472	0.000265472	0.000265472	0.000265472	0.000265472	0.000265472	0.000265472	0.000265472	0.000265472	0.000265472	0.000265472	0.000265472	0.000265472	0.000265472	0.000265472	0.000265472	0.000265472	0.000265472	0.000265472	0.000265472	0.000265472	0.000265472	0.000265472	0.000265472	0.000265472	0.000265472	0.000265472	0.000265472	0.000265472	0.000265472	0.000265472	0.000265472	0.000265472	0.000265472	0.000265472	0.000265472	0.000265472	0.000265472	0.000265472	0.000265472	0.000265472	0.000265472	0.000265472	0.000265472	0.000265472	0.000265472	0.000265472	0.000265472	0.000265472	0.000265472	0.000265472	0.000265472	0.000265472	0.000265472	0.000265472	0.000265472	0.000265472	0.000265472	0.000265472	0.000265472	0.000265472	0.000265472	0.000265472	0.000265472	0.000265472	0.000265472	0.000265472	0.000265472	0.000265472	0.000265472	0.000265472	0.000265472	0.000265472	0.000265472	0.000265472	0.000265472	
0.000265472	0.000265472	0.000249178	0.000239717	0.00023377	0.000229462	0.000226023	0.000223124	0.000220605	0.000218372	0.000216365	0.000214545	0.000212882	0.000211352	0.000209936	0.000208619	0.000207387	0.00020623	0.000205139	0.000204105	0.000203123	0.000202187	0.000201292	0.000200436	0.000199614	0.000198824	0.000198064	0.000197332	0.000196626	0.000195944	0.000195286	0.00019465	0.000194035	0.00019344	0.000192864	0.000192307	0.000191768	0.000191246	0.000190741	0.000190252	0.000189778	0.00018932	0.000188877	0.000188449	0.000188035	0.000187635	0.000187249	0.000186876	0.000186516	0.00018617	0.000185836	0.000185514	0.000185205	0.000184907	0.000184621	0.000184347	0.000184083	0.000183831	0.000183588	0.000183356	0.000183134	0.000182922	0.000182719	0.000182526	0.000182341	0.000182165	0.000181997	0.000181837	0.000181685	0.00018154	0.000181403	0.000181272	0.000181148	0.000181031	0.00018092	0.000180814	0.000180715	0.000180618	0.000180524	0.000180434	0.000180347	0.000180263	0.000180183	0.000180106	0.000180032	0.000179962	0.000179896	0.000179834	0.000179775	0.00017972	0.000179668	0.00017962	0.000179576	0.000179535	0.000179498	0.000179464	0.000179433	0.000179404	0.000179379	0.000179356	0.000179336	0.000179317	0.0001793	0.000179284	0.000179269	0.000179255	0.00017924	0.000179224	0.000179207	0.000179188	0.000179167	0.000179142	0.000179113	0.000179079	0.000179039	0.000178993	0.00017894	0.000178878	0.000178807	0.000178727	0.000178636	0.000178534	0.00017842	0.000178294	0.000178156	0.000178006	0.000177843	0.00017767	0.000177487	0.000177295	0.000177099	0.000176901	0.000176708	0.000176526	0.000176365	0.000176238	0.000176161	0.000176156	0.000176249	0.000176477	0.000176883	0.000177525	0.000178473	0.00017982	0.000181692	0.000184281	0.000187912	0.000193221	0.000201615	0.000216699	0.000249933	
0.000265472	0.000249178	0.000228372	0.000216208	0.000208565	0.000203069	0.000198732	0.000195118	0.000192011	0.000189283	0.000186855	0.00018467	0.00018269	0.000180882	0.00017922	0.000177685	0.000176257	0.000174924	0.000173672	0.000172491	0.000171373	0.000170312	0.000169301	0.000168335	0.000167411	0.000166524	0.000165673	0.000164855	0.000164067	0.000163307	0.000162575	0.000161867	0.000161184	0.000160524	0.000159886	0.000159269	0.000158672	0.000158095	0.000157537	0.000156997	0.000156475	0.00015597	0.000155483	0.000155012	0.000154557	0.000154118	0.000153695	0.000153288	0.000152895	0.000152517	0.000152154	0.000151806	0.000151471	0.00015115	0.000150842	0.000150548	0.000150266	0.000149998	0.000149741	0.000149496	0.000149264	0.000149042	0.000148832	0.000148632	0.000148443	0.000148264	0.000148094	0.000147934	0.000147784	0.000147642	0.000147508	0.000147383	0.000147266	0.000147156	0.000147054	0.000146958	0.000146869	0.000146785	0.000146705	0.00014663	0.000146559	0.000146493	0.000146432	0.000146377	0.000146326	0.000146281	0.000146241	0.000146206	0.000146177	0.000146154	0.000146136	0.000146124	0.000146117	0.000146116	0.00014612	0.00014613	0.000146145	0.000146165	0.00014619	0.00014622	0.000146254	0.000146293	0.000146335	0.000146382	0.000146431	0.000146483	0.000146538	0.000146594	0.000146652	0.00014671	0.000146769	0.000146827	0.000146885	0.000146941	0.000146994	0.000147045	0.000147093	0.000147137	0.000147177	0.000147213	0.000147244	0.000147271	0.000147294	0.000147313	0.000147329	0.000147344	0.000147359	0.000147377	0.000147401	0.000147435	0.000147485	0.000147557	0.000147661	0.000147808	0.000148013	0.000148292	0.00014867	0.000149174	0.000149842	0.000150719	0.00015186	0.000153334	0.000155229	0.000157654	0.00016076	0.000164772	0.000170079	0.000177438	0.000188498	0.000207405	0.000247078	
0.000265472	0.000239717	0.000216208	0.000202431	0.000193778	0.000187578	0.00018271	0.000178676	0.000175223	0.000172207	0.000169534	0.000167139	0.000164976	0.000163009	0.000161207	0.000159547	0.000158009	0.000156576	0.000155233	0.00015397	0.000152776	0.000151643	0.000150566	0.000149538	0.000148555	0.000147613	0.000146709	0.00014584	0.000145003	0.000144197	0.00014342	0.000142669	0.000141945	0.000141244	0.000140567	0.000139912	0.000139278	0.000138665	0.000138072	0.000137498	0.000136944	0.000136407	0.000135889	0.000135389	0.000134906	0.00013444	0.00013399	0.000133558	0.000133141	0.000132741	0.000132356	0.000131986	0.000131632	0.000131293	0.000130968	0.000130658	0.000130362	0.00013008	0.000129811	0.000129555	0.000129312	0.000129082	0.000128864	0.000128658	0.000128463	0.00012828	0.000128107	0.000127945	0.000127793	0.000127651	0.000127519	0.000127395	0.000127281	0.000127174	0.000127076	0.000126986	0.000126903	0.000126826	0.000126754	0.000126687	0.000126627	0.000126572	0.000126524	0.000126481	0.000126445	0.000126416	0.000126394	0.000126378	0.000126369	0.000126367	0.000126372	0.000126385	0.000126404	0.00012643	0.000126464	0.000126505	0.000126552	0.000126607	0.000126668	0.000126736	0.00012681	0.000126891	0.000126977	0.000127069	0.000127166	0.000127268	0.000127374	0.000127485	0.000127599	0.000127717	0.000127837	0.000127959	0.000128083	0.000128208	0.000128335	0.000128461	0.000128588	0.000128715	0.000128842	0.000128968	0.000129095	0.000129223	0.000129351	0.000129483	0.000129618	0.00012976	0.00012991	0.000130073	0.000130252	0.000130453	0.000130684	0.000130951	0.000131267	0.000131644	0.0001321	0.000132655	0.000133336	0.000134176	0.000135215	0.000136503	0.000138103	0.000140091	0.00014256	0.00014563	0.000149465	0.000154311	0.000160592	0.000169133	0.000181723	0.000202786	0.000245999	
0.000265472	0.00023377	0.000208565	0.000193778	0.000184496	0.00017786	0.000172663	0.000168369	0.000164705	0.000161511	0.000158687	0.000156163	0.000153888	0.000151823	0.000149937	0.000148202	0.000146597	0.000145103	0.000143706	0.000142393	0.000141153	0.000139978	0.00013886	0.000137795	0.000136776	0.000135801	0.000134864	0.000133964	0.000133098	0.000132263	0.000131457	0.00013068	0.000129928	0.000129202	0.0001285	0.00012782	0.000127163	0.000126526	0.000125911	0.000125315	0.000124739	0.000124181	0.000123643	0.000123122	0.00012262	0.000122135	0.000121668	0.000121218	0.000120785	0.000120368	0.000119968	0.000119584	0.000119217	0.000118864	0.000118528	0.000118206	0.000117899	0.000117607	0.000117329	0.000117065	0.000116815	0.000116578	0.000116354	0.000116143	0.000115944	0.000115757	0.000115582	0.000115418	0.000115265	0.000115122	0.000114989	0.000114867	0.000114753	0.000114649	0.000114554	0.000114467	0.000114388	0.000114315	0.000114248	0.000114187	0.000114133	0.000114086	0.000114045	0.000114012	0.000113986	0.000113968	0.000113957	0.000113954	0.000113959	0.000113971	0.000113992	0.000114021	0.000114058	0.000114104	0.000114158	0.00011422	0.00011429	0.000114368	0.000114454	0.000114548	0.00011465	0.000114759	0.000114875	0.000114998	0.000115128	0.000115265	0.000115407	0.000115555	0.000115708	0.000115866	0.000116028	0.000116194	0.000116364	0.000116537	0.000116713	0.000116891	0.000117072	0.000117256	0.000117442	0.00011763	0.000117823	0.000118019	0.00011822	0.000118429	0.000118646	0.000118874	0.000119116	0.000119377	0.000119662	0.000119976	0.000120328	0.000120727	0.000121185	0.000121717	0.000122341	0.00012308	0.000123963	0.000125023	0.000126306	0.000127863	0.000129762	0.000132081	0.000134918	0.000138401	0.000142698	0.000148071	0.000154965	0.00016425	0.000177796	0.000200201	0.000245593	
0.000265472	0.000229462	0.000203069	0.000187578	0.00017786	0.000170921	0.000165497	0.000161023	0.000157211	0.000153893	0.000150964	0.000148351	0.000145999	0.000143867	0.000141922	0.000140135	0.000138484	0.000136949	0.000135515	0.000134168	0.000132896	0.000131692	0.000130547	0.000129456	0.000128413	0.000127414	0.000126455	0.000125534	0.000124646	0.000123791	0.000122966	0.000122169	0.000121399	0.000120655	0.000119935	0.000119237	0.000118563	0.00011791	0.000117277	0.000116665	0.000116073	0.0001155	0.000114946	0.000114411	0.000113894	0.000113395	0.000112914	0.000112451	0.000112005	0.000111577	0.000111165	0.00011077	0.000110391	0.000110029	0.000109682	0.000109352	0.000109037	0.000108737	0.000108452	0.000108181	0.000107925	0.000107683	0.000107454	0.000107239	0.000107036	0.000106846	0.000106668	0.000106502	0.000106348	0.000106204	0.000106071	0.000105949	0.000105836	0.000105733	0.000105639	0.000105554	0.000105478	0.000105408	0.000105344	0.000105288	0.000105239	0.000105197	0.000105162	0.000105136	0.000105117	0.000105107	0.000105104	0.000105111	0.000105126	0.000105149	0.000105182	0.000105223	0.000105274	0.000105334	0.000105402	0.00010548	0.000105567	0.000105663	0.000105768	0.000105882	0.000106004	0.000106135	0.000106274	0.000106421	0.000106576	0.000106738	0.000106907	0.000107083	0.000107265	0.000107454	0.000107648	0.000107847	0.000108051	0.00010826	0.000108473	0.000108691	0.000108913	0.000109139	0.000109369	0.000109605	0.000109847	0.000110095	0.000110351	0.000110617	0.000110896	0.000111189	0.000111501	0.000111836	0.0001122	0.0001126	0.000113043	0.000113541	0.000114105	0.000114753	0.000115502	0.000116377	0.000117408	0.000118632	0.000120093	0.000121847	0.000123962	0.00012652	0.000129623	0.0001334	0.000138026	0.000143771	0.000151098	0.000160904	0.000175119	0.000198453	0.000245336	
0.000265472	0.000226023	0.000198732	0.00018271	0.000172663	0.000165497	0.000159902	0.000155292	0.000151369	0.000147959	0.000144952	0.000142271	0.000139861	0.000137679	0.00013569	0.000133865	0.000132179	0.000130614	0.000129152	0.00012778	0.000126485	0.000125259	0.000124095	0.000122984	0.000121923	0.000120907	0.000119932	0.000118994	0.000118091	0.000117221	0.000116381	0.00011557	0.000114786	0.000114028	0.000113294	0.000112583	0.000111895	0.000111229	0.000110584	0.000109959	0.000109355	0.00010877	0.000108204	0.000107657	0.000107129	0.000106619	0.000106127	0.000105653	0.000105197	0.000104759	0.000104337	0.000103933	0.000103546	0.000103176	0.000102822	0.000102484	0.000102162	0.000101855	0.000101565	0.000101289	0.000101028	0.000100781	0.000100548	0.000100329	0.000100124	9.99312e-05	9.97513e-05	9.95836e-05	9.94279e-05	9.92836e-05	9.91505e-05	9.90282e-05	9.89162e-05	9.88142e-05	9.87218e-05	9.86386e-05	9.85641e-05	9.84968e-05	9.84365e-05	9.83836e-05	9.83382e-05	9.83008e-05	9.82713e-05	9.82502e-05	9.82376e-05	9.82337e-05	9.82387e-05	9.82528e-05	9.82762e-05	9.8309e-05	9.83513e-05	9.84032e-05	9.84649e-05	9.85364e-05	9.86177e-05	9.87088e-05	9.88098e-05	9.89206e-05	9.9041e-05	9.91711e-05	9.93106e-05	9.94593e-05	9.96172e-05	9.97839e-05	9.99591e-05	0.000100143	0.000100334	0.000100533	0.00010074	0.000100954	0.000101174	0.0001014	0.000101633	0.000101871	0.000102116	0.000102365	0.000102621	0.000102882	0.00010315	0.000103424	0.000103706	0.000103997	0.000104299	0.000104612	0.000104941	0.000105288	0.000105657	0.000106053	0.000106481	0.00010695	0.000107468	0.000108046	0.000108696	0.000109436	0.000110286	0.000111271	0.00011242	0.000113773	0.000115376	0.000117285	0.000119569	0.000122313	0.000125621	0.000129624	0.000134502	0.00014053	0.000148182	0.000158381	0.000173095	0.000197117	0.000245087	
0.000265472	0.000223124	0.000195118	0.000178676	0.000168369	0.000161023	0.000155292	0.000150575	0.000146564	0.000143081	0.000140011	0.000137277	0.000134822	0.0001326	0.000130577	0.000128721	0.000127009	0.00012542	0.000123937	0.000122545	0.000121232	0.00011999	0.000118809	0.000117685	0.00011661	0.00011558	0.000114592	0.000113642	0.000112727	0.000111845	0.000110994	0.000110171	0.000109376	0.000108607	0.000107862	0.000107141	0.000106442	0.000105766	0.00010511	0.000104475	0.000103861	0.000103266	0.00010269	0.000102134	0.000101596	0.000101077	0.000100576	0.000100094	9.96293e-05	9.91826e-05	9.87536e-05	9.8342e-05	9.79477e-05	9.75704e-05	9.72099e-05	9.6866e-05	9.65383e-05	9.62268e-05	9.59309e-05	9.56506e-05	9.53853e-05	9.51349e-05	9.4899e-05	9.46773e-05	9.44693e-05	9.42747e-05	9.40931e-05	9.39243e-05	9.37677e-05	9.36229e-05	9.34897e-05	9.33677e-05	9.32563e-05	9.31553e-05	9.30642e-05	9.29827e-05	9.29102e-05	9.28452e-05	9.27877e-05	9.27379e-05	9.26962e-05	9.26627e-05	9.26377e-05	9.26215e-05	9.26144e-05	9.26164e-05	9.26278e-05	9.26489e-05	9.26798e-05	9.27207e-05	9.27716e-05	9.28328e-05	9.29044e-05	9.29863e-05	9.30787e-05	9.31816e-05	9.32949e-05	9.34187e-05	9.35529e-05	9.36973e-05	9.38519e-05	9.40165e-05	9.41909e-05	9.43748e-05	9.45681e-05	9.47704e-05	9.49815e-05	9.52011e-05	9.54288e-05	9.56643e-05	9.59075e-05	9.61578e-05	9.64153e-05	9.66796e-05	9.69506e-05	9.72285e-05	9.75132e-05	9.7805e-05	9.81046e-05	9.84124e-05	9.87296e-05	9.90575e-05	9.93978e-05	9.97526e-05	0.000100125	0.000100518	0.000100935	0.000101383	0.000101867	0.000102395	0.000102977	0.000103622	0.000104346	0.000105165	0.000106099	0.000107175	0.000108424	0.000109884	0.000111603	0.000113639	0.000116062	0.000118958	0.000122431	0.000126615	0.000131693	0.000137945	0.000145855	0.000156362	0.000171465	0.000196018	0.000244817	
0.000265472	0.000220605	0.000192011	0.000175223	0.000164705	0.000157211	0.000151369	0.000146564	0.000142481	0.000138938	0.000135817	0.00013304	0.000130548	0.000128294	0.000126242	0.000124362	0.000122629	0.000121021	0.00011952	0.000118112	0.000116785	0.00011553	0.000114337	0.0001132	0.000112114	0.000111074	0.000110075	0.000109115	0.000108191	0.0001073	0.000106439	0.000105607	0.000104803	0.000104025	0.000103271	0.000102541	0.000101834	0.000101149	0.000100485	9.98413e-05	9.92181e-05	9.86148e-05	9.80311e-05	9.74665e-05	9.69209e-05	9.63941e-05	9.58858e-05	9.53959e-05	9.49243e-05	9.44707e-05	9.40349e-05	9.36169e-05	9.32164e-05	9.28333e-05	9.24672e-05	9.21181e-05	9.17855e-05	9.14694e-05	9.11694e-05	9.08851e-05	9.06164e-05	9.03629e-05	9.01242e-05	8.99e-05	8.96899e-05	8.94936e-05	8.93108e-05	8.91409e-05	8.89836e-05	8.88386e-05	8.87055e-05	8.85838e-05	8.84731e-05	8.83731e-05	8.82833e-05	8.82034e-05	8.81328e-05	8.807e-05	8.8015e-05	8.79682e-05	8.79298e-05	8.79e-05	8.78792e-05	8.78676e-05	8.78654e-05	8.78728e-05	8.78902e-05	8.79177e-05	8.79555e-05	8.80037e-05	8.80626e-05	8.81322e-05	8.82127e-05	8.83042e-05	8.84067e-05	8.85202e-05	8.86448e-05	8.87805e-05	8.89271e-05	8.90845e-05	8.92528e-05	8.94317e-05	8.9621e-05	8.98205e-05	9.003e-05	9.02493e-05	9.0478e-05	9.07158e-05	9.09626e-05	9.1218e-05	9.14816e-05	9.17534e-05	9.20331e-05	9.23205e-05	9.26156e-05	9.29185e-05	9.32293e-05	9.35484e-05	9.38764e-05	9.42141e-05	9.45626e-05	9.49233e-05	9.52981e-05	9.56893e-05	9.61e-05	9.65335e-05	9.69945e-05	9.74882e-05	9.8021e-05	9.8601e-05	9.92376e-05	9.99425e-05	0.00010073	0.000101617	0.000102624	0.000103779	0.000105112	0.000106664	0.000108482	0.000110625	0.000113165	0.000116186	0.000119796	0.00012413	0.000129373	0.000135808	0.000143927	0.000154682	0.000170098	0.000195072	0.000244521	
0.000265472	0.000218372	0.000189283	0.000172207	0.000161511	0.000153893	0.000147959	0.000143081	0.000138938	0.000135344	0.000132181	0.000129368	0.000126845	0.000124564	0.00012249	0.000120589	0.000118838	0.000117214	0.000115699	0.000114279	0.00011294	0.000111674	0.000110471	0.000109325	0.000108229	0.00010718	0.000106174	0.000105205	0.000104273	0.000103374	0.000102506	0.000101666	0.000100855	0.000100069	9.93077e-05	9.85703e-05	9.78556e-05	9.71629e-05	9.64915e-05	9.58409e-05	9.52105e-05	9.46001e-05	9.40092e-05	9.34377e-05	9.28852e-05	9.23516e-05	9.18367e-05	9.13403e-05	9.08624e-05	9.04027e-05	8.99611e-05	8.95374e-05	8.91315e-05	8.87432e-05	8.83723e-05	8.80185e-05	8.76816e-05	8.73615e-05	8.70577e-05	8.67701e-05	8.64983e-05	8.62419e-05	8.60008e-05	8.57745e-05	8.55626e-05	8.53649e-05	8.51809e-05	8.50102e-05	8.48524e-05	8.47072e-05	8.45741e-05	8.44528e-05	8.43428e-05	8.42438e-05	8.41553e-05	8.40769e-05	8.40081e-05	8.39474e-05	8.38949e-05	8.38508e-05	8.38155e-05	8.37892e-05	8.37722e-05	8.37648e-05	8.37673e-05	8.37798e-05	8.38026e-05	8.3836e-05	8.38802e-05	8.39353e-05	8.40015e-05	8.40789e-05	8.41677e-05	8.42679e-05	8.43797e-05	8.45031e-05	8.46381e-05	8.47846e-05	8.49426e-05	8.51121e-05	8.52929e-05	8.54849e-05	8.56879e-05	8.59017e-05	8.6126e-05	8.63608e-05	8.66055e-05	8.68601e-05	8.71243e-05	8.73977e-05	8.76801e-05	8.79713e-05	8.82712e-05	8.85796e-05	8.88966e-05	8.92222e-05	8.95567e-05	8.99005e-05	9.02543e-05	9.06189e-05	9.09956e-05	9.1386e-05	9.17919e-05	9.22159e-05	9.26611e-05	9.31312e-05	9.36308e-05	9.41654e-05	9.47418e-05	9.5368e-05	9.60539e-05	9.68112e-05	9.76545e-05	9.86014e-05	9.96733e-05	0.000100897	0.000102304	0.000103935	0.000105839	0.000108074	0.000110712	0.000113841	0.000117567	0.000122026	0.000127406	0.000133993	0.000142284	0.000153244	0.000168916	0.000194232	0.000244199	
0.000265472	0.000216365	0.000186855	0.000169534	0.000158687	0.000150964	0.000144952	0.000140011	0.000135817	0.000132181	0.000128983	0.000126139	0.00012359	0.000121287	0.000119193	0.000117276	0.00011551	0.000113873	0.000112346	0.000110915	0.000109567	0.000108291	0.00010708	0.000105926	0.000104823	0.000103767	0.000102753	0.000101778	0.000100839	9.99333e-05	9.90586e-05	9.8213e-05	9.73948e-05	9.66027e-05	9.58353e-05	9.50915e-05	9.43705e-05	9.36714e-05	9.29937e-05	9.23367e-05	9.17e-05	9.10833e-05	9.04862e-05	8.99085e-05	8.93499e-05	8.88103e-05	8.82896e-05	8.77875e-05	8.73039e-05	8.68388e-05	8.63919e-05	8.59632e-05	8.55524e-05	8.51594e-05	8.47841e-05	8.44261e-05	8.40854e-05	8.37616e-05	8.34544e-05	8.31637e-05	8.28891e-05	8.26303e-05	8.23869e-05	8.21587e-05	8.19452e-05	8.17461e-05	8.15611e-05	8.13896e-05	8.12314e-05	8.10861e-05	8.09531e-05	8.08322e-05	8.07229e-05	8.06248e-05	8.05375e-05	8.04606e-05	8.03934e-05	8.03347e-05	8.02844e-05	8.02429e-05	8.02104e-05	8.01874e-05	8.0174e-05	8.01706e-05	8.01773e-05	8.01946e-05	8.02225e-05	8.02614e-05	8.03115e-05	8.03729e-05	8.04459e-05	8.05305e-05	8.0627e-05	8.07354e-05	8.08558e-05	8.09883e-05	8.11328e-05	8.12894e-05	8.1458e-05	8.16386e-05	8.1831e-05	8.2035e-05	8.22507e-05	8.24776e-05	8.27157e-05	8.29646e-05	8.32242e-05	8.34942e-05	8.37743e-05	8.40643e-05	8.43639e-05	8.46729e-05	8.49913e-05	8.5319e-05	8.56559e-05	8.60023e-05	8.63584e-05	8.67248e-05	8.71021e-05	8.74913e-05	8.78937e-05	8.8311e-05	8.87452e-05	8.91989e-05	8.96754e-05	9.01785e-05	9.0713e-05	9.12846e-05	9.19002e-05	9.25679e-05	9.32979e-05	9.41023e-05	9.49956e-05	9.59957e-05	9.71245e-05	9.84086e-05	9.98809e-05	0.000101581	0.000103559	0.000105874	0.000108598	0.000111819	0.000115644	0.00012021	0.000125705	0.00013242	0.000140856	0.000151987	0.000167871	0.000193468	0.000243855	
0.000265472	0.000214545	0.00018467	0.000167139	0.000156163	0.000148351	0.000142271	0.000137277	0.00013304	0.000129368	0.000126139	0.00012327	0.000120698	0.000118376	0.000116266	0.000114335	0.000112556	0.000110908	0.000109371	0.000107931	0.000106575	0.000105292	0.000104074	0.000102913	0.000101804	0.000100742	9.97226e-05	9.87419e-05	9.77973e-05	9.6886e-05	9.60058e-05	9.51547e-05	9.43311e-05	9.35335e-05	9.27605e-05	9.20113e-05	9.12847e-05	9.05801e-05	8.98968e-05	8.92342e-05	8.8592e-05	8.79697e-05	8.73671e-05	8.67838e-05	8.62198e-05	8.56748e-05	8.51488e-05	8.46415e-05	8.41529e-05	8.36828e-05	8.32311e-05	8.27978e-05	8.23825e-05	8.19853e-05	8.16059e-05	8.12442e-05	8.08998e-05	8.05727e-05	8.02624e-05	7.99689e-05	7.96917e-05	7.94305e-05	7.91851e-05	7.89551e-05	7.87401e-05	7.85398e-05	7.83538e-05	7.81817e-05	7.8023e-05	7.78775e-05	7.77447e-05	7.76241e-05	7.75154e-05	7.74182e-05	7.73319e-05	7.72563e-05	7.71907e-05	7.71338e-05	7.70856e-05	7.70465e-05	7.70167e-05	7.69967e-05	7.69866e-05	7.69868e-05	7.69976e-05	7.70192e-05	7.70519e-05	7.70959e-05	7.71515e-05	7.72188e-05	7.7298e-05	7.73894e-05	7.7493e-05	7.7609e-05	7.77374e-05	7.78783e-05	7.80317e-05	7.81977e-05	7.83761e-05	7.85669e-05	7.877e-05	7.89852e-05	7.92125e-05	7.94516e-05	7.97024e-05	7.99645e-05	8.02377e-05	8.05219e-05	8.08167e-05	8.11219e-05	8.14374e-05	8.17628e-05	8.20983e-05	8.24436e-05	8.27989e-05	8.31643e-05	8.35403e-05	8.39273e-05	8.43262e-05	8.47379e-05	8.51638e-05	8.56056e-05	8.60656e-05	8.65465e-05	8.70515e-05	8.75846e-05	8.81508e-05	8.87559e-05	8.94069e-05	9.01122e-05	9.0882e-05	9.17285e-05	9.26667e-05	9.37144e-05	9.48939e-05	9.6232e-05	9.77617e-05	9.95235e-05	0.000101567	0.000103951	0.00010675	0.00011005	0.00011396	0.000118617	0.000124211	0.000131035	0.000139594	0.000150868	0.00016693	0.000192761	0.000243491	
0.000265472	0.000212882	0.00018269	0.000164976	0.000153888	0.000145999	0.000139861	0.000134822	0.000130548	0.000126845	0.00012359	0.000120698	0.000118108	0.00011577	0.000113645	0.000111702	0.000109913	0.000108255	0.000106711	0.000105263	0.0001039	0.000102611	0.000101387	0.000100221	9.91067e-05	9.80394e-05	9.70149e-05	9.60294e-05	9.508e-05	9.4164e-05	9.32791e-05	9.24234e-05	9.1595e-05	9.07927e-05	9.0015e-05	8.92609e-05	8.85295e-05	8.782e-05	8.71317e-05	8.64642e-05	8.5817e-05	8.51897e-05	8.45821e-05	8.39939e-05	8.34249e-05	8.28751e-05	8.23442e-05	8.18322e-05	8.13389e-05	8.08643e-05	8.04082e-05	7.99706e-05	7.95513e-05	7.91502e-05	7.8767e-05	7.84017e-05	7.80541e-05	7.77238e-05	7.74106e-05	7.71144e-05	7.68348e-05	7.65714e-05	7.63241e-05	7.60924e-05	7.5876e-05	7.56745e-05	7.54875e-05	7.53147e-05	7.51557e-05	7.501e-05	7.48772e-05	7.47569e-05	7.46487e-05	7.45522e-05	7.4467e-05	7.43926e-05	7.43284e-05	7.42731e-05	7.42269e-05	7.41899e-05	7.41627e-05	7.41454e-05	7.41384e-05	7.4142e-05	7.41564e-05	7.41821e-05	7.42192e-05	7.42679e-05	7.43286e-05	7.44014e-05	7.44865e-05	7.45841e-05	7.46943e-05	7.48173e-05	7.49531e-05	7.51019e-05	7.52635e-05	7.54381e-05	7.56256e-05	7.58259e-05	7.6039e-05	7.62646e-05	7.65027e-05	7.67531e-05	7.70155e-05	7.72898e-05	7.75757e-05	7.7873e-05	7.81814e-05	7.85007e-05	7.88307e-05	7.91714e-05	7.95225e-05	7.98841e-05	8.02563e-05	8.06393e-05	8.10335e-05	8.14395e-05	8.18581e-05	8.22904e-05	8.27379e-05	8.32023e-05	8.36859e-05	8.41915e-05	8.47226e-05	8.52831e-05	8.58782e-05	8.65138e-05	8.71969e-05	8.79363e-05	8.87421e-05	8.96267e-05	9.06053e-05	9.16959e-05	9.29207e-05	9.4307e-05	9.58878e-05	9.77039e-05	9.98047e-05	0.00010225	0.000105114	0.000108483	0.000112467	0.000117203	0.000122883	0.000129799	0.000138462	0.000149858	0.000166071	0.000192097	0.00024311	
0.000265472	0.000211352	0.000180882	0.000163009	0.000151823	0.000143867	0.000137679	0.0001326	0.000128294	0.000124564	0.000121287	0.000118376	0.00011577	0.000113418	0.000111282	0.000109328	0.00010753	0.000105865	0.000104313	0.000102859	0.000101491	0.000100196	9.89674e-05	9.77966e-05	9.6678e-05	9.56065e-05	9.45778e-05	9.35883e-05	9.26349e-05	9.17149e-05	9.08259e-05	8.99661e-05	8.91337e-05	8.83272e-05	8.75453e-05	8.6787e-05	8.60512e-05	8.53374e-05	8.46447e-05	8.39728e-05	8.33211e-05	8.26893e-05	8.20772e-05	8.14845e-05	8.0911e-05	8.03567e-05	7.98214e-05	7.9305e-05	7.88075e-05	7.83287e-05	7.78686e-05	7.7427e-05	7.70039e-05	7.65991e-05	7.62125e-05	7.58439e-05	7.5493e-05	7.51598e-05	7.4844e-05	7.45452e-05	7.42633e-05	7.39979e-05	7.37487e-05	7.35154e-05	7.32976e-05	7.30949e-05	7.2907e-05	7.27335e-05	7.2574e-05	7.24281e-05	7.22953e-05	7.21753e-05	7.20676e-05	7.19717e-05	7.18874e-05	7.1814e-05	7.17511e-05	7.16974e-05	7.16529e-05	7.16179e-05	7.15929e-05	7.15782e-05	7.1574e-05	7.15807e-05	7.15987e-05	7.1628e-05	7.16692e-05	7.17223e-05	7.17877e-05	7.18656e-05	7.19561e-05	7.20595e-05	7.21759e-05	7.23054e-05	7.24482e-05	7.26042e-05	7.27735e-05	7.29561e-05	7.31521e-05	7.33612e-05	7.35835e-05	7.38188e-05	7.40669e-05	7.43278e-05	7.46011e-05	7.48866e-05	7.51842e-05	7.54936e-05	7.58146e-05	7.6147e-05	7.64905e-05	7.68451e-05	7.72108e-05	7.75874e-05	7.79752e-05	7.83744e-05	7.87854e-05	7.92089e-05	7.96457e-05	8.0097e-05	8.05643e-05	8.10494e-05	8.15547e-05	8.20831e-05	8.2638e-05	8.32237e-05	8.38452e-05	8.45085e-05	8.5221e-05	8.59914e-05	8.68299e-05	8.77491e-05	8.87642e-05	8.98934e-05	9.11591e-05	9.25885e-05	9.4215e-05	9.60794e-05	9.82314e-05	0.000100731	0.000103652	0.000107082	0.00011113	0.000115935	0.000121687	0.000128683	0.000137436	0.000148937	0.000165278	0.000191468	0.000242716	
0.000265472	0.000209936	0.00017922	0.000161207	0.000149937	0.000141922	0.00013569	0.000130577	0.000126242	0.00012249	0.000119193	0.000116266	0.000113645	0.000111282	0.000109135	0.000107173	0.000105368	0.000103695	0.000102138	0.000100679	9.93053e-05	9.80065e-05	9.67734e-05	9.55988e-05	9.44765e-05	9.34014e-05	9.23692e-05	9.13762e-05	9.04194e-05	8.94959e-05	8.86035e-05	8.77402e-05	8.69042e-05	8.6094e-05	8.53085e-05	8.45464e-05	8.38068e-05	8.30891e-05	8.23925e-05	8.17165e-05	8.10608e-05	8.04249e-05	7.98087e-05	7.92118e-05	7.86343e-05	7.80759e-05	7.75365e-05	7.70161e-05	7.65146e-05	7.6032e-05	7.55681e-05	7.51228e-05	7.46962e-05	7.42879e-05	7.3898e-05	7.35263e-05	7.31725e-05	7.28365e-05	7.2518e-05	7.22169e-05	7.19327e-05	7.16654e-05	7.14144e-05	7.11795e-05	7.09603e-05	7.07566e-05	7.05678e-05	7.03936e-05	7.02336e-05	7.00874e-05	6.99546e-05	6.98348e-05	6.97274e-05	6.96322e-05	6.95486e-05	6.94762e-05	6.94145e-05	6.93621e-05	6.93192e-05	6.92861e-05	6.92632e-05	6.92508e-05	6.92492e-05	6.92589e-05	6.92799e-05	6.93128e-05	6.93577e-05	6.9415e-05	6.94848e-05	6.95674e-05	6.9663e-05	6.97717e-05	6.98939e-05	7.00295e-05	7.01786e-05	7.03414e-05	7.05179e-05	7.0708e-05	7.09118e-05	7.11292e-05	7.13601e-05	7.16044e-05	7.18619e-05	7.21324e-05	7.24158e-05	7.27119e-05	7.30203e-05	7.3341e-05	7.36737e-05	7.40182e-05	7.43743e-05	7.47419e-05	7.51209e-05	7.55115e-05	7.59138e-05	7.6328e-05	7.67545e-05	7.71942e-05	7.76479e-05	7.81167e-05	7.86022e-05	7.91065e-05	7.96318e-05	8.01811e-05	8.07579e-05	8.13667e-05	8.20124e-05	8.27013e-05	8.34406e-05	8.42392e-05	8.51076e-05	8.60583e-05	8.71065e-05	8.82707e-05	8.95733e-05	9.10417e-05	9.27092e-05	9.46169e-05	9.68145e-05	9.93624e-05	0.000102334	0.000105817	0.000109922	0.000114786	0.000120602	0.000127668	0.000136498	0.000148089	0.000164539	0.000190869	0.00024231	
0.000265472	0.000208619	0.000177685	0.000159547	0.000148202	0.000140135	0.000133865	0.000128721	0.000124362	0.000120589	0.000117276	0.000114335	0.000111702	0.000109328	0.000107173	0.000105203	0.000103391	0.000101713	0.000100151	9.86874e-05	9.73098e-05	9.60072e-05	9.47707e-05	9.35928e-05	9.24674e-05	9.13893e-05	9.03541e-05	8.93581e-05	8.83983e-05	8.74719e-05	8.65765e-05	8.57101e-05	8.4871e-05	8.40577e-05	8.32688e-05	8.25034e-05	8.17604e-05	8.10392e-05	8.0339e-05	7.96595e-05	7.9e-05	7.83604e-05	7.77405e-05	7.71399e-05	7.65585e-05	7.59963e-05	7.54532e-05	7.49291e-05	7.44239e-05	7.39376e-05	7.34702e-05	7.30215e-05	7.25915e-05	7.218e-05	7.1787e-05	7.14123e-05	7.10557e-05	7.07171e-05	7.03962e-05	7.00927e-05	6.98065e-05	6.95372e-05	6.92845e-05	6.90481e-05	6.88277e-05	6.86228e-05	6.84331e-05	6.82582e-05	6.80978e-05	6.79513e-05	6.78184e-05	6.76987e-05	6.75916e-05	6.74969e-05	6.7414e-05	6.73425e-05	6.72818e-05	6.72307e-05	6.71892e-05	6.71579e-05	6.71369e-05	6.71267e-05	6.71276e-05	6.71399e-05	6.7164e-05	6.72001e-05	6.72485e-05	6.73096e-05	6.73835e-05	6.74705e-05	6.75708e-05	6.76847e-05	6.78122e-05	6.79535e-05	6.81087e-05	6.82778e-05	6.8461e-05	6.86581e-05	6.88693e-05	6.90944e-05	6.93333e-05	6.9586e-05	6.98522e-05	7.01319e-05	7.04247e-05	7.07306e-05	7.10492e-05	7.13805e-05	7.1724e-05	7.20798e-05	7.24476e-05	7.28273e-05	7.32189e-05	7.36224e-05	7.40381e-05	7.44662e-05	7.49073e-05	7.5362e-05	7.58312e-05	7.63163e-05	7.68188e-05	7.73408e-05	7.78845e-05	7.84532e-05	7.90503e-05	7.96803e-05	8.03484e-05	8.10608e-05	8.18248e-05	8.26494e-05	8.35451e-05	8.45246e-05	8.56031e-05	8.67992e-05	8.81353e-05	8.96388e-05	9.13434e-05	9.329e-05	9.55285e-05	9.81193e-05	0.000101136	0.000104666	0.00010882	0.000113737	0.000119609	0.000126735	0.000135632	0.000147301	0.000163846	0.000190294	0.000241897	
0.000265472	0.000207387	0.000176257	0.000158009	0.000146597	0.000138484	0.000132179	0.000127009	0.000122629	0.000118838	0.00011551	0.000112556	0.000109913	0.00010753	0.000105368	0.000103391	0.000101573	9.98908e-05	9.83239e-05	9.68566e-05	9.54756e-05	9.41699e-05	9.29304e-05	9.17497e-05	9.06217e-05	8.95409e-05	8.85032e-05	8.75048e-05	8.65424e-05	8.56134e-05	8.47154e-05	8.38464e-05	8.30045e-05	8.21884e-05	8.13966e-05	8.06282e-05	7.98822e-05	7.91578e-05	7.84544e-05	7.77715e-05	7.71088e-05	7.64658e-05	7.58423e-05	7.52382e-05	7.46534e-05	7.40877e-05	7.35411e-05	7.30135e-05	7.25049e-05	7.20152e-05	7.15445e-05	7.10925e-05	7.06594e-05	7.02449e-05	6.9849e-05	6.94715e-05	6.91122e-05	6.87711e-05	6.84478e-05	6.81422e-05	6.78539e-05	6.75828e-05	6.73285e-05	6.70906e-05	6.68689e-05	6.66629e-05	6.64724e-05	6.62968e-05	6.61359e-05	6.59891e-05	6.58561e-05	6.57364e-05	6.56297e-05	6.55354e-05	6.54531e-05	6.53824e-05	6.53227e-05	6.52728e-05	6.52327e-05	6.52029e-05	6.51838e-05	6.51756e-05	6.51788e-05	6.51936e-05	6.52205e-05	6.52596e-05	6.53114e-05	6.53761e-05	6.54539e-05	6.55451e-05	6.56499e-05	6.57685e-05	6.5901e-05	6.60477e-05	6.62086e-05	6.63837e-05	6.65732e-05	6.6777e-05	6.69951e-05	6.72275e-05	6.7474e-05	6.77346e-05	6.8009e-05	6.82972e-05	6.8599e-05	6.8914e-05	6.92422e-05	6.95833e-05	6.99371e-05	7.03035e-05	7.06822e-05	7.10733e-05	7.14766e-05	7.18923e-05	7.23205e-05	7.27616e-05	7.32162e-05	7.36849e-05	7.41687e-05	7.4669e-05	7.51873e-05	7.57256e-05	7.62866e-05	7.68733e-05	7.74892e-05	7.8139e-05	7.88277e-05	7.95618e-05	8.03487e-05	8.11972e-05	8.21181e-05	8.3124e-05	8.42303e-05	8.54555e-05	8.68222e-05	8.83578e-05	9.0096e-05	9.20778e-05	9.43531e-05	9.69824e-05	0.000100039	0.000103612	0.00010781	0.000112773	0.000118694	0.000125873	0.000134829	0.000146565	0.000163192	0.000189741	0.000241479	
0.000265472	0.00020623	0.000174924	0.000156576	0.000145103	0.000136949	0.000130614	0.00012542	0.000121021	0.000117214	0.000113873	0.000110908	0.000108255	0.000105865	0.000103695	0.000101713	9.98908e-05	9.8204e-05	9.66334e-05	9.51628e-05	9.37788e-05	9.24704e-05	9.12284e-05	9.00454e-05	8.89151e-05	8.78322e-05	8.67923e-05	8.57916e-05	8.48271e-05	8.38959e-05	8.29956e-05	8.21242e-05	8.12799e-05	8.04612e-05	7.96669e-05	7.88958e-05	7.8147e-05	7.74198e-05	7.67135e-05	7.60276e-05	7.53617e-05	7.47156e-05	7.4089e-05	7.34817e-05	7.28936e-05	7.23247e-05	7.17748e-05	7.1244e-05	7.07321e-05	7.02393e-05	6.97654e-05	6.93104e-05	6.88743e-05	6.84569e-05	6.80582e-05	6.76781e-05	6.73163e-05	6.69728e-05	6.66473e-05	6.63396e-05	6.60494e-05	6.57765e-05	6.55206e-05	6.52813e-05	6.50584e-05	6.48514e-05	6.466e-05	6.44838e-05	6.43223e-05	6.41753e-05	6.40421e-05	6.39225e-05	6.3816e-05	6.37221e-05	6.36405e-05	6.35705e-05	6.35117e-05	6.34629e-05	6.34241e-05	6.33959e-05	6.33784e-05	6.33722e-05	6.33776e-05	6.33948e-05	6.34243e-05	6.34664e-05	6.35213e-05	6.35894e-05	6.36709e-05	6.37661e-05	6.38751e-05	6.39982e-05	6.41356e-05	6.42874e-05	6.44537e-05	6.46345e-05	6.483e-05	6.50401e-05	6.52648e-05	6.5504e-05	6.57578e-05	6.60258e-05	6.63081e-05	6.66044e-05	6.69145e-05	6.72383e-05	6.75755e-05	6.7926e-05	6.82894e-05	6.86658e-05	6.90548e-05	6.94566e-05	6.98709e-05	7.0298e-05	7.07381e-05	7.11914e-05	7.16587e-05	7.21405e-05	7.2638e-05	7.31524e-05	7.36855e-05	7.42393e-05	7.48163e-05	7.54198e-05	7.60533e-05	7.67214e-05	7.74295e-05	7.81837e-05	7.89918e-05	7.98625e-05	8.08067e-05	8.1837e-05	8.29689e-05	8.42209e-05	8.56156e-05	8.71806e-05	8.89495e-05	9.09632e-05	9.32719e-05	9.5936e-05	9.9029e-05	0.000102639	0.000106877	0.000111881	0.000117845	0.00012507	0.000134078	0.000145874	0.000162571	0.000189206	0.000241056	
0.000265472	0.000205139	0.000173672	0.000155233	0.000143706	0.000135515	0.000129152	0.000123937	0.00011952	0.000115699	0.000112346	0.000109371	0.000106711	0.000104313	0.000102138	0.000100151	9.83239e-05	9.66334e-05	9.50595e-05	9.35861e-05	9.21996e-05	9.08888e-05	8.96447e-05	8.84597e-05	8.73274e-05	8.62426e-05	8.52008e-05	8.41983e-05	8.32319e-05	8.22987e-05	8.13964e-05	8.05229e-05	7.96765e-05	7.88556e-05	7.80589e-05	7.72854e-05	7.65341e-05	7.58043e-05	7.50953e-05	7.44066e-05	7.3738e-05	7.30889e-05	7.24594e-05	7.18491e-05	7.1258e-05	7.0686e-05	7.01331e-05	6.95992e-05	6.90843e-05	6.85885e-05	6.81117e-05	6.76538e-05	6.72149e-05	6.67948e-05	6.63935e-05	6.60108e-05	6.56466e-05	6.53008e-05	6.49732e-05	6.46635e-05	6.43715e-05	6.40969e-05	6.38395e-05	6.35989e-05	6.33748e-05	6.31668e-05	6.29746e-05	6.27977e-05	6.26358e-05	6.24884e-05	6.23552e-05	6.22357e-05	6.21294e-05	6.20359e-05	6.19548e-05	6.18856e-05	6.18277e-05	6.17799e-05	6.17424e-05	6.17156e-05	6.16998e-05	6.16954e-05	6.17029e-05	6.17224e-05	6.17545e-05	6.17993e-05	6.18573e-05	6.19286e-05	6.20137e-05	6.21127e-05	6.22258e-05	6.23533e-05	6.24953e-05	6.2652e-05	6.28234e-05	6.30097e-05	6.3211e-05	6.34271e-05	6.36581e-05	6.39039e-05	6.41645e-05	6.44397e-05	6.47294e-05	6.50335e-05	6.53516e-05	6.56837e-05	6.60295e-05	6.63888e-05	6.67615e-05	6.71473e-05	6.75461e-05	6.7958e-05	6.83828e-05	6.88207e-05	6.92719e-05	6.97368e-05	7.0216e-05	7.07103e-05	7.12206e-05	7.17485e-05	7.22955e-05	7.28637e-05	7.34559e-05	7.40751e-05	7.47251e-05	7.54104e-05	7.61365e-05	7.69096e-05	7.77374e-05	7.86288e-05	7.95946e-05	8.06476e-05	8.18032e-05	8.308e-05	8.45006e-05	8.60926e-05	8.78895e-05	8.99326e-05	9.22716e-05	9.49673e-05	9.8093e-05	0.000101737	0.00010601	0.00011105	0.000117053	0.00012432	0.000133373	0.00014522	0.000161979	0.000188689	0.000240632	
0.000265472	0.000204105	0.000172491	0.00015397	0.000142393	0.000134168	0.00012778	0.000122545	0.000118112	0.000114279	0.000110915	0.000107931	0.000105263	0.000102859	0.000100679	9.86874e-05	9.68566e-05	9.51628e-05	9.35861e-05	9.21102e-05	9.07214e-05	8.94087e-05	8.81627e-05	8.69759e-05	8.58419e-05	8.47554e-05	8.3712e-05	8.27079e-05	8.17397e-05	8.08048e-05	7.99008e-05	7.90254e-05	7.81771e-05	7.73542e-05	7.65554e-05	7.57797e-05	7.50261e-05	7.42939e-05	7.35824e-05	7.28912e-05	7.22199e-05	7.15682e-05	7.09359e-05	7.03228e-05	6.97289e-05	6.9154e-05	6.85982e-05	6.80615e-05	6.75438e-05	6.70452e-05	6.65656e-05	6.6105e-05	6.56634e-05	6.52407e-05	6.48369e-05	6.44518e-05	6.40854e-05	6.37374e-05	6.34077e-05	6.30961e-05	6.28024e-05	6.25262e-05	6.22673e-05	6.20255e-05	6.18002e-05	6.15913e-05	6.13983e-05	6.12208e-05	6.10584e-05	6.09108e-05	6.07775e-05	6.0658e-05	6.0552e-05	6.04589e-05	6.03783e-05	6.03098e-05	6.02528e-05	6.0206e-05	6.01698e-05	6.01443e-05	6.01302e-05	6.01276e-05	6.01371e-05	6.01589e-05	6.01934e-05	6.0241e-05	6.03019e-05	6.03765e-05	6.04649e-05	6.05676e-05	6.06847e-05	6.08164e-05	6.09629e-05	6.11243e-05	6.13008e-05	6.14923e-05	6.16991e-05	6.1921e-05	6.21581e-05	6.24103e-05	6.26775e-05	6.29596e-05	6.32564e-05	6.35679e-05	6.38937e-05	6.42337e-05	6.45878e-05	6.49556e-05	6.5337e-05	6.57319e-05	6.61401e-05	6.65616e-05	6.69964e-05	6.74445e-05	6.79064e-05	6.83823e-05	6.88729e-05	6.93789e-05	6.99015e-05	7.0442e-05	7.10021e-05	7.15841e-05	7.21905e-05	7.28246e-05	7.34901e-05	7.41916e-05	7.49346e-05	7.57254e-05	7.65717e-05	7.74825e-05	7.84686e-05	7.95427e-05	8.07204e-05	8.20202e-05	8.34648e-05	8.50817e-05	8.69045e-05	8.89744e-05	9.13413e-05	9.40657e-05	9.72211e-05	0.000100896	0.0001052	0.000110274	0.000116311	0.000123614	0.000132707	0.000144601	0.000161413	0.000188187	0.000240206	
0.000265472	0.000203123	0.000171373	0.000152776	0.000141153	0.000132896	0.000126485	0.000121232	0.000116785	0.00011294	0.000109567	0.000106575	0.0001039	0.000101491	9.93053e-05	9.73098e-05	9.54756e-05	9.37788e-05	9.21996e-05	9.07214e-05	8.93307e-05	8.80161e-05	8.67685e-05	8.55801e-05	8.44447e-05	8.33568e-05	8.23119e-05	8.13063e-05	8.03367e-05	7.94003e-05	7.84946e-05	7.76176e-05	7.67675e-05	7.59428e-05	7.51421e-05	7.43643e-05	7.36086e-05	7.28742e-05	7.21605e-05	7.14669e-05	7.07932e-05	7.01389e-05	6.9504e-05	6.88883e-05	6.82917e-05	6.77142e-05	6.71557e-05	6.66163e-05	6.60959e-05	6.55946e-05	6.51123e-05	6.46491e-05	6.4205e-05	6.37798e-05	6.33736e-05	6.29863e-05	6.26177e-05	6.22676e-05	6.1936e-05	6.16226e-05	6.13272e-05	6.10495e-05	6.07893e-05	6.05462e-05	6.03199e-05	6.011e-05	5.99163e-05	5.97382e-05	5.95755e-05	5.94276e-05	5.92942e-05	5.91749e-05	5.9069e-05	5.89764e-05	5.88964e-05	5.88286e-05	5.87724e-05	5.87267e-05	5.86916e-05	5.86676e-05	5.8655e-05	5.86542e-05	5.86657e-05	5.86897e-05	5.87267e-05	5.87769e-05	5.88407e-05	5.89183e-05	5.90102e-05	5.91165e-05	5.92374e-05	5.93732e-05	5.95241e-05	5.96901e-05	5.98714e-05	6.00681e-05	6.02803e-05	6.05078e-05	6.07508e-05	6.10092e-05	6.12828e-05	6.15715e-05	6.18753e-05	6.21939e-05	6.25271e-05	6.28749e-05	6.32368e-05	6.36128e-05	6.40027e-05	6.44063e-05	6.48234e-05	6.52542e-05	6.56985e-05	6.61565e-05	6.66286e-05	6.7115e-05	6.76164e-05	6.81336e-05	6.86678e-05	6.92204e-05	6.97931e-05	7.0388e-05	7.1008e-05	7.16561e-05	7.23363e-05	7.30532e-05	7.38122e-05	7.46197e-05	7.54834e-05	7.64124e-05	7.74175e-05	7.85114e-05	7.97097e-05	8.1031e-05	8.24978e-05	8.41379e-05	8.59847e-05	8.80794e-05	9.04719e-05	9.32227e-05	9.64052e-05	0.000100108	0.000104441	0.000109544	0.000115612	0.000122948	0.000132077	0.00014401	0.00016087	0.000187698	0.00023978	
0.000265472	0.000202187	0.000170312	0.000151643	0.000139978	0.000131692	0.000125259	0.00011999	0.00011553	0.000111674	0.000108291	0.000105292	0.000102611	0.000100196	9.80065e-05	9.60072e-05	9.41699e-05	9.24704e-05	9.08888e-05	8.94087e-05	8.80161e-05	8.67e-05	8.54509e-05	8.42611e-05	8.31243e-05	8.20351e-05	8.0989e-05	7.99821e-05	7.90111e-05	7.80733e-05	7.71662e-05	7.62877e-05	7.5436e-05	7.46095e-05	7.38071e-05	7.30275e-05	7.22699e-05	7.15334e-05	7.08175e-05	7.01217e-05	6.94457e-05	6.87891e-05	6.81518e-05	6.75336e-05	6.69345e-05	6.63544e-05	6.57933e-05	6.52513e-05	6.47284e-05	6.42245e-05	6.37397e-05	6.32741e-05	6.28275e-05	6.24e-05	6.19915e-05	6.1602e-05	6.12313e-05	6.08793e-05	6.05458e-05	6.02307e-05	5.99337e-05	5.96545e-05	5.9393e-05	5.91487e-05	5.89214e-05	5.87107e-05	5.85163e-05	5.83377e-05	5.81746e-05	5.80265e-05	5.78931e-05	5.77738e-05	5.76683e-05	5.7576e-05	5.74966e-05	5.74296e-05	5.73742e-05	5.73295e-05	5.72957e-05	5.7273e-05	5.7262e-05	5.7263e-05	5.72765e-05	5.73027e-05	5.7342e-05	5.73949e-05	5.74615e-05	5.75423e-05	5.76374e-05	5.77473e-05	5.7872e-05	5.80118e-05	5.8167e-05	5.83375e-05	5.85236e-05	5.87254e-05	5.89428e-05	5.91759e-05	5.94246e-05	5.96889e-05	5.99688e-05	6.0264e-05	6.05745e-05	6.09001e-05	6.12405e-05	6.15957e-05	6.19653e-05	6.23492e-05	6.27473e-05	6.31593e-05	6.35851e-05	6.40248e-05	6.44783e-05	6.49458e-05	6.54276e-05	6.59241e-05	6.64359e-05	6.69639e-05	6.75092e-05	6.80733e-05	6.86579e-05	6.92653e-05	6.98981e-05	7.05597e-05	7.12538e-05	7.19852e-05	7.27594e-05	7.35827e-05	7.44629e-05	7.54091e-05	7.6432e-05	7.75446e-05	7.87623e-05	8.01036e-05	8.15914e-05	8.3253e-05	8.51221e-05	8.72397e-05	8.96558e-05	9.2431e-05	9.56384e-05	9.93668e-05	0.000103726	0.000108856	0.000114951	0.000122316	0.000131477	0.000143446	0.000160348	0.000187222	0.000239354	
