0.00470123	0.00470123	0.00470123	0.00470123	0.00470123	0.00470123	0.00470123	0.00470123	0.00470123	0.00470123	0.00470123	0.00470123	0.00470123	0.00470123	0.00470123	0.00470123	0.00470123	0.00470123	0.00470123	0.00470123	0.00470123	0.00470123	0.00470123	0.00470123	0.00470123	0.00470123	0.00470123	0.00470123	0.00470123	0.00470123	0.00470123	0.00470123	0.00470123	0.00470123	0.00470123	0.00470123	0.00470123	0.00470123	0.00470123	0.00470123	0.00470123	0.00470123	0.00470123	0.00470123	0.00470123	0.00470123	0.00470123	0.00470123	0.00470123	0.00470123	0.00470123	0.00470123	0.00470123	0.00470123	0.00470123	0.00470123	0.00470123	0.00470123	0.00470123	0.00470123	0.00470123	0.00470123	0.00470123	0.00470123	0.00470123	0.00470123	0.00470123	0.00470123	0.00470123	0.00470123	0.00470123	0.00470123	0.00470123	0.00470123	0.00470123	0.00470123	0.00470123	0.00470123	0.00470123	0.00470123	0.00470123	0.00470123	0.00470123	0.00470123	0.00470123	0.00470123	0.00470123	0.00470123	0.00470123	0.00470123	0.00470123	0.00470123	0.00470123	0.00470123	0.00470123	0.00470123	0.00470123	0.00470123	0.00470123	0.00470123	0.00470123	0.00470123	0.00470123	0.00470123	0.00470123	0.00470123	0.00470123	0.00470123	0.00470123	0.00470123	0.00470123	0.00470123	0.00470123	0.00470123	0.00470123	0.00470123	0.00470123	0.00470123	0.00470123	0.00470123	0.00470123	0.00470123	0.00470123	0.00470123	0.00470123	0.00470123	0.00470123	0.00470123	0.00470123	0.00470123	0.00470123	0.00470123	0.00470123	0.00470123	0.00470123	0.00470123	0.00470123	0.00470123	0.00470123	0.00470123	0.00470123	0.00470123	0.00470123	0.00470123	0.00470123	0.00470123	0.00470123	0.00470123	0.00470123	0.00470123	0.00470123	
0.00470123	0.00450351	0.00407045	0.00380258	0.00361996	0.00349601	0.00340278	0.00332783	0.00326646	0.00321565	0.00317324	0.00313688	0.00310524	0.00307746	0.00305288	0.00303103	0.00301143	0.0029937	0.00297756	0.00296274	0.00294907	0.0029364	0.00292462	0.00291365	0.00290339	0.0028937	0.00288448	0.00287568	0.00286729	0.00285926	0.00285158	0.00284424	0.00283724	0.00283054	0.00282412	0.00281795	0.00281201	0.00280627	0.00280074	0.00279539	0.0027902	0.00278517	0.00278028	0.00277553	0.00277092	0.00276645	0.00276212	0.00275794	0.00275389	0.00274999	0.0027462	0.00274253	0.00273898	0.00273553	0.00273217	0.00272891	0.00272573	0.00272264	0.00271962	0.00271667	0.00271379	0.00271098	0.00270822	0.00270553	0.00270291	0.00270037	0.00269791	0.00269551	0.00269317	0.0026909	0.00268868	0.00268651	0.00268439	0.00268232	0.0026803	0.00267833	0.0026764	0.00267446	0.00267252	0.00267056	0.00266862	0.00266667	0.00266474	0.00266283	0.00266093	0.00265904	0.00265716	0.00265529	0.00265341	0.00265153	0.00264965	0.00264777	0.00264588	0.00264399	0.00264208	0.00264016	0.00263823	0.00263627	0.00263428	0.00263227	0.00263023	0.00262816	0.00262604	0.0026239	0.00262172	0.0026195	0.00261723	0.00261493	0.00261261	0.00261027	0.0026079	0.00260549	0.00260302	0.00260051	0.00259795	0.00259534	0.00259267	0.00258992	0.00258711	0.00258422	0.00258122	0.00257813	0.00257494	0.00257163	0.00256823	0.00256471	0.00256113	0.0025575	0.00255379	0.00255001	0.00254623	0.00254242	0.00253862	0.00253488	0.00253126	0.0025277	0.00252422	0.00252079	0.00251739	0.00251409	0.00251124	0.00250918	0.00250878	0.00251134	0.00251804	0.00253002	0.00255081	0.00258351	0.00263155	0.00272063	0.00308429	
0.00470123	0.00407045	0.00369182	0.00343689	0.00325756	0.00312792	0.00303791	0.00297057	0.00291644	0.00287232	0.00283595	0.00280563	0.00277972	0.00275728	0.00273762	0.00272018	0.00270459	0.00269054	0.00267778	0.00266613	0.00265543	0.00264555	0.00263638	0.00262785	0.00261988	0.00261242	0.00260543	0.00259884	0.00259262	0.00258673	0.00258112	0.00257576	0.00257062	0.00256569	0.00256095	0.00255637	0.00255195	0.00254768	0.00254356	0.00253958	0.00253574	0.00253203	0.00252845	0.00252498	0.00252163	0.00251839	0.00251524	0.0025122	0.00250925	0.00250639	0.00250362	0.00250092	0.00249831	0.00249577	0.0024933	0.0024909	0.00248857	0.0024863	0.00248409	0.00248193	0.00247984	0.00247779	0.0024758	0.00247385	0.00247196	0.0024701	0.00246829	0.00246653	0.0024648	0.00246312	0.00246147	0.00245987	0.0024583	0.00245676	0.00245527	0.00245381	0.00245238	0.00245095	0.00244951	0.00244807	0.00244661	0.00244516	0.00244372	0.00244228	0.00244084	0.0024394	0.00243795	0.00243648	0.00243501	0.00243353	0.00243205	0.00243055	0.00242904	0.00242751	0.00242598	0.00242443	0.00242287	0.00242129	0.0024197	0.00241809	0.00241646	0.0024148	0.0024131	0.00241137	0.00240963	0.00240785	0.00240604	0.00240418	0.00240227	0.00240031	0.00239828	0.0023962	0.00239405	0.00239184	0.00238959	0.00238726	0.00238484	0.00238236	0.00237979	0.00237715	0.00237444	0.00237165	0.00236879	0.00236586	0.00236285	0.00235977	0.00235664	0.00235342	0.00235011	0.00234673	0.00234334	0.00234004	0.00233683	0.0023337	0.00233074	0.00232803	0.00232564	0.00232363	0.00232216	0.00232149	0.00232188	0.00232384	0.00232829	0.00233573	0.00234683	0.00236332	0.00239074	0.00243329	0.00249595	0.00260921	0.0030373	
0.00470123	0.00380258	0.00343689	0.00317697	0.00299159	0.00285309	0.00275042	0.0026755	0.00261961	0.0025746	0.00253779	0.00250726	0.00248167	0.00245985	0.00244089	0.00242418	0.0024093	0.00239592	0.00238379	0.00237273	0.00236257	0.00235322	0.00234457	0.00233654	0.00232908	0.00232214	0.00231562	0.00230951	0.00230375	0.00229828	0.00229309	0.00228814	0.00228341	0.00227888	0.00227455	0.0022704	0.00226641	0.00226258	0.0022589	0.00225535	0.00225192	0.00224862	0.00224543	0.00224236	0.00223939	0.00223652	0.00223375	0.00223107	0.00222847	0.00222596	0.00222353	0.00222119	0.00221891	0.0022167	0.00221456	0.00221248	0.00221047	0.00220852	0.00220663	0.00220479	0.00220301	0.00220129	0.00219961	0.00219798	0.0021964	0.00219487	0.00219339	0.00219195	0.00219056	0.0021892	0.00218789	0.00218661	0.00218537	0.00218417	0.002183	0.00218187	0.00218078	0.00217968	0.00217858	0.00217748	0.00217637	0.00217529	0.00217422	0.00217315	0.00217208	0.00217101	0.00216994	0.00216889	0.00216783	0.00216677	0.0021657	0.00216463	0.00216354	0.00216245	0.00216135	0.00216025	0.00215915	0.00215804	0.00215691	0.00215577	0.00215461	0.00215344	0.00215225	0.00215104	0.00214981	0.00214855	0.00214725	0.00214591	0.00214453	0.00214311	0.00214166	0.00214016	0.00213861	0.00213701	0.00213534	0.00213362	0.00213185	0.00213003	0.00212814	0.00212621	0.00212426	0.00212226	0.00212022	0.00211812	0.00211597	0.00211379	0.00211156	0.0021093	0.00210712	0.00210504	0.00210306	0.00210123	0.00209963	0.00209825	0.00209715	0.00209648	0.00209635	0.00209692	0.00209833	0.00210081	0.00210471	0.00211077	0.00211959	0.00213148	0.00214736	0.00216995	0.00220522	0.00225627	0.00233101	0.00246977	0.00294181	
0.00470123	0.00361996	0.00325756	0.00299159	0.00280084	0.00265601	0.00254585	0.00246089	0.00239522	0.00234598	0.00230627	0.00227382	0.002247	0.00222441	0.00220501	0.00218806	0.00217303	0.00215956	0.00214737	0.00213628	0.00212613	0.00211681	0.00210818	0.00210022	0.00209281	0.00208588	0.00207942	0.00207337	0.00206769	0.00206231	0.0020572	0.00205234	0.00204769	0.00204326	0.00203903	0.00203498	0.00203109	0.00202735	0.00202376	0.0020203	0.00201697	0.00201377	0.00201068	0.00200771	0.00200484	0.00200208	0.00199941	0.00199683	0.00199434	0.00199195	0.00198965	0.00198743	0.00198529	0.00198322	0.00198123	0.00197932	0.00197747	0.00197568	0.00197396	0.0019723	0.00197069	0.00196914	0.00196765	0.00196621	0.00196483	0.00196349	0.0019622	0.00196095	0.00195976	0.0019586	0.00195749	0.00195641	0.00195537	0.00195438	0.00195341	0.00195249	0.0019516	0.00195071	0.00194983	0.00194895	0.00194808	0.00194724	0.00194641	0.00194559	0.00194478	0.00194397	0.00194316	0.00194235	0.00194154	0.00194074	0.00193993	0.00193912	0.0019383	0.0019375	0.00193671	0.00193593	0.00193514	0.00193435	0.00193355	0.00193274	0.00193193	0.00193111	0.00193026	0.0019294	0.00192851	0.00192759	0.00192664	0.00192567	0.00192467	0.00192363	0.00192255	0.00192146	0.00192032	0.00191914	0.00191793	0.00191668	0.00191541	0.00191413	0.00191283	0.00191151	0.00191017	0.00190881	0.00190739	0.00190597	0.00190459	0.00190327	0.001902	0.00190079	0.00189975	0.00189888	0.00189815	0.00189765	0.00189745	0.00189762	0.00189822	0.00189939	0.00190123	0.001904	0.00190791	0.00191331	0.00192086	0.00193088	0.00194357	0.00195962	0.00198048	0.0020097	0.00205286	0.00211362	0.00220305	0.002372	0.0028828	
0.00470123	0.00349601	0.00312792	0.00285309	0.00265601	0.00250653	0.00239076	0.00230087	0.00222931	0.00217198	0.00212689	0.00209099	0.0020616	0.00203707	0.00201631	0.00199839	0.00198261	0.00196853	0.00195586	0.00194435	0.00193387	0.00192424	0.00191539	0.0019072	0.0018996	0.00189251	0.00188587	0.00187964	0.00187381	0.00186829	0.00186309	0.00185818	0.0018535	0.00184902	0.00184475	0.00184065	0.00183673	0.00183296	0.00182934	0.00182587	0.00182253	0.00181931	0.00181621	0.00181324	0.00181038	0.00180762	0.00180497	0.00180241	0.00179995	0.00179758	0.0017953	0.00179312	0.00179101	0.00178899	0.00178705	0.00178519	0.00178341	0.0017817	0.00178005	0.00177847	0.00177695	0.00177549	0.0017741	0.00177275	0.00177147	0.00177023	0.00176905	0.00176791	0.00176682	0.00176578	0.00176479	0.00176383	0.00176292	0.00176205	0.00176121	0.00176042	0.00175966	0.00175892	0.00175818	0.00175745	0.00175675	0.00175607	0.0017554	0.00175474	0.00175409	0.00175345	0.00175281	0.00175218	0.00175154	0.00175091	0.0017503	0.00174971	0.00174913	0.00174856	0.001748	0.00174744	0.00174688	0.00174631	0.00174574	0.00174516	0.00174459	0.00174401	0.00174342	0.00174282	0.00174221	0.00174158	0.00174093	0.00174026	0.00173955	0.00173882	0.00173805	0.00173725	0.00173645	0.00173565	0.00173486	0.00173406	0.00173327	0.00173251	0.00173176	0.00173101	0.00173028	0.00172957	0.00172891	0.0017283	0.00172772	0.00172726	0.00172695	0.00172677	0.00172675	0.00172701	0.00172751	0.00172831	0.00172954	0.00173121	0.00173334	0.00173607	0.0017397	0.00174452	0.00175093	0.00175924	0.00176976	0.00178278	0.00179883	0.00181879	0.00184431	0.00187955	0.00192977	0.00200034	0.00210803	0.00230526	0.00284475	
0.00470123	0.00340278	0.00303791	0.00275042	0.00254585	0.00239076	0.00227029	0.00217587	0.0021007	0.00203946	0.00198951	0.00194881	0.00191552	0.00188811	0.00186498	0.0018452	0.00182795	0.0018127	0.00179904	0.00178669	0.00177546	0.0017652	0.00175578	0.00174711	0.0017391	0.00173167	0.00172474	0.00171823	0.0017121	0.00170634	0.0017009	0.00169577	0.00169091	0.00168631	0.00168191	0.00167772	0.00167372	0.00166988	0.00166619	0.00166265	0.00165925	0.00165597	0.00165283	0.00164981	0.0016469	0.00164411	0.00164142	0.00163884	0.00163636	0.00163397	0.00163169	0.00162949	0.00162737	0.00162535	0.00162341	0.00162155	0.00161977	0.00161807	0.00161644	0.00161488	0.00161338	0.00161196	0.0016106	0.0016093	0.00160806	0.00160687	0.00160574	0.00160467	0.00160365	0.00160268	0.00160175	0.00160087	0.00160003	0.00159923	0.00159847	0.00159776	0.00159709	0.00159643	0.00159578	0.00159516	0.00159457	0.00159399	0.00159342	0.00159287	0.00159233	0.00159179	0.00159127	0.00159076	0.00159028	0.00158983	0.00158939	0.00158896	0.00158854	0.00158813	0.00158772	0.00158732	0.00158694	0.00158656	0.00158619	0.00158583	0.00158547	0.00158512	0.00158475	0.00158438	0.001584	0.00158361	0.00158321	0.00158279	0.00158237	0.00158194	0.00158152	0.00158113	0.00158076	0.00158044	0.00158017	0.00157994	0.00157974	0.00157958	0.00157945	0.00157936	0.00157931	0.0015793	0.00157935	0.0015795	0.00157975	0.00158015	0.00158073	0.00158153	0.00158259	0.00158398	0.00158569	0.00158779	0.00159037	0.00159345	0.00159705	0.00160129	0.00160643	0.00161306	0.00162156	0.00163238	0.00164574	0.0016618	0.00168121	0.00170506	0.00173544	0.00177609	0.00183298	0.00191341	0.00203797	0.00225703	0.00281612	
0.00470123	0.00332783	0.00297057	0.0026755	0.00246089	0.00230087	0.00217587	0.00207717	0.00199848	0.00193427	0.00188143	0.00183777	0.00180118	0.0017703	0.00174419	0.00172185	0.0017025	0.0016855	0.00167042	0.00165686	0.00164459	0.00163344	0.00162325	0.0016139	0.00160529	0.0015973	0.00158983	0.00158284	0.00157629	0.00157012	0.0015643	0.0015588	0.00155362	0.00154873	0.00154413	0.00153977	0.00153561	0.00153164	0.00152784	0.0015242	0.00152071	0.00151736	0.00151414	0.00151105	0.00150808	0.00150523	0.00150249	0.00149985	0.00149732	0.00149489	0.00149256	0.00149033	0.00148818	0.00148614	0.00148417	0.0014823	0.00148051	0.0014788	0.00147717	0.00147561	0.00147413	0.0014727	0.00147134	0.00147004	0.00146881	0.00146764	0.00146653	0.00146547	0.00146447	0.00146353	0.00146263	0.00146178	0.00146097	0.00146021	0.00145949	0.00145882	0.00145819	0.00145759	0.001457	0.00145646	0.00145592	0.0014554	0.0014549	0.0014544	0.00145393	0.00145349	0.00145309	0.00145272	0.00145237	0.00145203	0.0014517	0.00145139	0.0014511	0.00145083	0.00145059	0.00145038	0.00145018	0.00145	0.00144983	0.00144966	0.00144951	0.00144937	0.00144924	0.00144913	0.00144904	0.00144895	0.00144888	0.00144885	0.00144888	0.00144897	0.00144911	0.00144929	0.00144952	0.00144979	0.00145011	0.00145047	0.00145088	0.00145134	0.00145186	0.00145244	0.0014531	0.00145384	0.00145469	0.00145567	0.00145681	0.00145813	0.00145967	0.00146145	0.00146349	0.00146589	0.00146867	0.00147186	0.00147554	0.00147978	0.0014847	0.00149044	0.00149735	0.00150593	0.00151664	0.0015297	0.00154524	0.00156371	0.00158586	0.00161307	0.00164757	0.0016931	0.00175629	0.00184598	0.00198319	0.0022178	0.00279263	
0.00470123	0.00326646	0.00291644	0.00261961	0.00239522	0.00222931	0.0021007	0.00199848	0.0019165	0.00184963	0.00179463	0.00174887	0.00171008	0.00167677	0.0016481	0.00162329	0.00160157	0.00158239	0.0015654	0.00155021	0.00153655	0.00152417	0.00151291	0.00150266	0.0014933	0.0014847	0.00147674	0.0014693	0.00146233	0.00145576	0.00144957	0.00144372	0.0014382	0.00143298	0.00142804	0.00142336	0.00141893	0.00141471	0.00141068	0.00140682	0.00140313	0.00139959	0.00139621	0.00139297	0.00138986	0.00138689	0.00138405	0.00138133	0.00137872	0.00137621	0.00137381	0.00137152	0.00136931	0.00136721	0.0013652	0.00136328	0.00136145	0.0013597	0.00135805	0.00135647	0.00135498	0.00135356	0.00135221	0.00135093	0.00134971	0.00134855	0.00134744	0.0013464	0.00134542	0.00134451	0.00134365	0.00134284	0.00134207	0.00134135	0.00134068	0.00134005	0.00133948	0.00133894	0.00133843	0.00133796	0.0013375	0.00133705	0.00133661	0.00133622	0.00133586	0.00133553	0.00133522	0.00133493	0.00133467	0.00133444	0.00133425	0.0013341	0.00133397	0.00133387	0.00133379	0.00133373	0.0013337	0.00133371	0.00133375	0.00133381	0.0013339	0.00133403	0.00133421	0.00133447	0.00133479	0.00133518	0.00133564	0.00133616	0.00133675	0.0013374	0.00133812	0.0013389	0.00133973	0.00134062	0.00134158	0.0013426	0.00134368	0.00134482	0.00134603	0.00134733	0.00134874	0.00135025	0.00135189	0.00135368	0.00135563	0.00135779	0.00136019	0.00136287	0.00136585	0.00136919	0.00137296	0.00137721	0.001382	0.00138743	0.00139363	0.00140074	0.00140915	0.0014192	0.0014312	0.00144565	0.00146277	0.00148311	0.0015076	0.00153772	0.00157578	0.00162585	0.00169458	0.00179141	0.0019383	0.00218378	0.00277265	
0.00470123	0.00321565	0.00287232	0.0025746	0.00234598	0.00217198	0.00203946	0.00193427	0.00184963	0.00178057	0.00172359	0.00167601	0.00163552	0.00160064	0.00157026	0.00154378	0.00152043	0.00149959	0.00148104	0.0014644	0.00144937	0.00143572	0.00142323	0.0014118	0.00140133	0.00139178	0.001383	0.00137489	0.00136735	0.00136028	0.00135364	0.00134738	0.00134149	0.00133592	0.00133065	0.00132566	0.00132094	0.00131646	0.00131218	0.0013081	0.0013042	0.00130046	0.00129688	0.00129346	0.00129017	0.00128702	0.00128401	0.00128113	0.00127838	0.00127574	0.00127322	0.00127081	0.00126851	0.00126631	0.00126421	0.0012622	0.00126029	0.00125847	0.00125675	0.00125512	0.00125358	0.00125212	0.00125074	0.00124943	0.00124819	0.00124702	0.00124591	0.00124486	0.00124387	0.00124295	0.00124208	0.00124127	0.00124052	0.00123982	0.00123917	0.00123858	0.00123805	0.00123757	0.00123714	0.00123673	0.00123634	0.00123598	0.00123568	0.00123541	0.00123517	0.00123497	0.0012348	0.00123467	0.00123458	0.00123453	0.00123452	0.00123454	0.00123461	0.00123473	0.00123489	0.00123509	0.00123534	0.00123566	0.00123604	0.00123651	0.00123704	0.00123765	0.00123834	0.0012391	0.00123995	0.00124087	0.00124186	0.00124293	0.00124407	0.00124528	0.00124654	0.00124787	0.00124926	0.0012507	0.0012522	0.00125376	0.00125539	0.0012571	0.00125888	0.00126076	0.00126274	0.00126483	0.00126707	0.00126947	0.00127206	0.0012749	0.00127799	0.0012814	0.00128519	0.00128937	0.00129404	0.00129924	0.00130504	0.00131155	0.00131884	0.00132711	0.00133665	0.00134773	0.00136067	0.00137603	0.00139435	0.00141628	0.00144283	0.00147542	0.00151658	0.00157033	0.00164322	0.00174601	0.00189994	0.0021535	0.00275497	
0.00470123	0.00317324	0.00283595	0.00253779	0.00230627	0.00212689	0.00198951	0.00188143	0.00179463	0.00172359	0.00166478	0.00161571	0.00157404	0.00153791	0.00150625	0.00147844	0.00145378	0.00143175	0.00141193	0.00139412	0.00137797	0.00136321	0.0013497	0.00133727	0.00132585	0.0013154	0.0013058	0.00129693	0.0012887	0.00128102	0.00127383	0.00126707	0.00126071	0.0012547	0.00124901	0.00124363	0.00123853	0.00123369	0.0012291	0.00122473	0.00122057	0.00121658	0.00121278	0.00120916	0.00120569	0.00120238	0.0011992	0.00119617	0.00119328	0.00119051	0.00118787	0.00118535	0.00118294	0.00118064	0.00117845	0.00117637	0.0011744	0.00117252	0.00117075	0.00116908	0.00116752	0.00116604	0.00116466	0.00116335	0.00116212	0.00116096	0.00115988	0.00115886	0.00115791	0.00115704	0.00115625	0.00115551	0.00115482	0.0011542	0.00115363	0.00115311	0.00115265	0.00115225	0.0011519	0.00115157	0.00115129	0.00115107	0.00115089	0.00115075	0.00115066	0.00115063	0.00115064	0.00115071	0.00115083	0.001151	0.00115123	0.00115151	0.00115184	0.00115224	0.00115271	0.00115325	0.00115387	0.00115456	0.00115534	0.00115621	0.00115716	0.00115819	0.00115931	0.00116051	0.00116178	0.00116313	0.00116454	0.00116601	0.00116756	0.00116915	0.00117082	0.00117254	0.00117432	0.00117617	0.00117807	0.00118004	0.00118209	0.00118421	0.00118642	0.00118872	0.00119114	0.00119371	0.00119645	0.00119937	0.00120251	0.00120588	0.00120955	0.00121355	0.00121793	0.00122274	0.00122805	0.00123393	0.00124043	0.00124766	0.00125578	0.00126495	0.00127543	0.00128744	0.00130135	0.00131771	0.00133727	0.00136057	0.00138864	0.00142323	0.00146684	0.00152325	0.00159901	0.00170662	0.00186564	0.00212607	0.00273923	
0.00470123	0.00313688	0.00280563	0.00250726	0.00227382	0.00209099	0.00194881	0.00183777	0.00174887	0.00167601	0.00161571	0.00156538	0.00152237	0.00148506	0.00145219	0.00142315	0.00139732	0.00137416	0.00135334	0.0013345	0.00131753	0.00130202	0.00128777	0.00127466	0.00126262	0.00125153	0.00124132	0.00123189	0.0012231	0.00121489	0.00120723	0.00120004	0.00119325	0.00118683	0.00118074	0.00117498	0.00116954	0.00116438	0.0011595	0.00115487	0.00115046	0.00114625	0.00114223	0.0011384	0.00113474	0.00113125	0.00112793	0.00112475	0.00112172	0.00111882	0.00111607	0.00111344	0.00111095	0.00110858	0.00110633	0.00110419	0.00110217	0.00110026	0.00109846	0.00109677	0.00109518	0.00109368	0.00109227	0.00109095	0.00108971	0.00108855	0.00108748	0.00108649	0.00108557	0.00108474	0.00108398	0.0010833	0.00108267	0.00108211	0.00108162	0.00108118	0.00108083	0.00108055	0.00108032	0.00108014	0.00108002	0.00107993	0.0010799	0.00107993	0.00108001	0.00108014	0.00108031	0.00108054	0.00108082	0.00108117	0.00108158	0.00108208	0.00108265	0.00108331	0.00108404	0.00108487	0.00108578	0.00108678	0.00108786	0.00108903	0.00109028	0.00109162	0.00109303	0.00109452	0.00109609	0.00109772	0.00109941	0.00110117	0.00110298	0.00110486	0.00110681	0.00110881	0.00111088	0.00111302	0.00111522	0.0011175	0.00111987	0.00112232	0.00112487	0.00112755	0.00113035	0.00113329	0.00113641	0.00113972	0.00114325	0.00114703	0.0011511	0.00115551	0.00116031	0.00116555	0.00117132	0.00117768	0.0011847	0.00119253	0.00120132	0.00121125	0.00122251	0.00123538	0.00125018	0.00126743	0.00128794	0.00131247	0.001342	0.0013782	0.00142352	0.00148167	0.00155965	0.00167103	0.00183421	0.00210092	0.00272497	
0.00470123	0.00310524	0.00277972	0.00248167	0.002247	0.0020616	0.00191552	0.00180118	0.00171008	0.00163552	0.00157404	0.00152237	0.00147818	0.00143967	0.00140572	0.00137557	0.00134868	0.00132451	0.00130272	0.00128306	0.00126518	0.00124903	0.00123429	0.0012207	0.00120817	0.00119659	0.00118588	0.00117601	0.00116688	0.00115839	0.00115046	0.00114301	0.00113597	0.00112932	0.001123	0.001117	0.00111132	0.00110594	0.00110084	0.00109599	0.00109138	0.00108697	0.00108277	0.00107876	0.00107494	0.00107129	0.0010678	0.00106447	0.00106131	0.00105829	0.00105541	0.00105266	0.00105005	0.00104757	0.00104521	0.00104299	0.00104089	0.00103892	0.00103707	0.00103533	0.00103371	0.00103218	0.00103075	0.00102942	0.00102818	0.00102704	0.00102598	0.001025	0.0010241	0.00102329	0.00102255	0.0010219	0.00102131	0.0010208	0.00102035	0.00101996	0.00101965	0.00101941	0.00101922	0.00101908	0.00101899	0.00101896	0.00101898	0.00101906	0.0010192	0.00101941	0.0010197	0.00102005	0.00102049	0.001021	0.0010216	0.00102227	0.00102303	0.00102389	0.00102485	0.00102589	0.00102703	0.00102826	0.00102958	0.00103099	0.00103248	0.00103405	0.00103571	0.00103743	0.00103924	0.00104111	0.00104306	0.00104508	0.00104716	0.0010493	0.0010515	0.00105376	0.00105609	0.00105848	0.00106094	0.00106346	0.00106608	0.00106878	0.00107158	0.00107451	0.00107756	0.00108075	0.00108412	0.00108769	0.00109149	0.00109555	0.00109992	0.00110466	0.00110983	0.00111546	0.00112165	0.00112848	0.00113602	0.0011444	0.00115376	0.00116422	0.00117604	0.00118951	0.00120495	0.00122288	0.00124417	0.0012696	0.00130019	0.00133766	0.00138433	0.00144402	0.00152393	0.00163819	0.00180491	0.00207782	0.00271187	
0.00470123	0.00307746	0.00275728	0.00245985	0.00222441	0.00203707	0.00188811	0.0017703	0.00167677	0.00160064	0.00153791	0.00148506	0.00143967	0.00140012	0.00136525	0.00133417	0.00130627	0.00128117	0.00125846	0.00123789	0.00121934	0.00120251	0.00118722	0.00117324	0.00116037	0.00114849	0.00113745	0.00112718	0.00111769	0.0011089	0.00110071	0.00109303	0.00108581	0.00107901	0.00107256	0.00106646	0.00106065	0.00105513	0.00104989	0.00104492	0.00104019	0.00103568	0.00103137	0.00102725	0.00102333	0.00101958	0.00101601	0.0010126	0.00100935	0.00100626	0.00100331	0.00100051	0.000997848	0.000995319	0.000992924	0.000990658	0.000988515	0.000986496	0.000984595	0.000982804	0.000981121	0.000979539	0.000978053	0.000976663	0.000975362	0.000974154	0.000973035	0.00097201	0.000971073	0.000970228	0.000969479	0.000968812	0.000968211	0.000967675	0.000967205	0.000966805	0.000966492	0.000966265	0.000966098	0.000965989	0.000965953	0.000965985	0.000966082	0.000966252	0.000966488	0.000966793	0.000967169	0.000967615	0.000968145	0.000968758	0.000969464	0.000970261	0.000971156	0.000972146	0.000973233	0.00097441	0.000975686	0.000977054	0.000978513	0.000980062	0.000981702	0.000983431	0.000985242	0.000987136	0.00098911	0.000991158	0.000993276	0.000995464	0.000997716	0.00100003	0.00100241	0.00100486	0.00100737	0.00100995	0.0010126	0.00101533	0.00101815	0.00102105	0.00102406	0.00102718	0.00103044	0.00103385	0.00103744	0.00104124	0.00104528	0.00104959	0.00105422	0.00105923	0.0010647	0.00107069	0.00107728	0.00108456	0.00109261	0.00110152	0.00111142	0.00112241	0.00113465	0.00114846	0.00116419	0.00118247	0.00120427	0.00123039	0.00126186	0.00130033	0.00134807	0.00140905	0.00149103	0.00160757	0.00177759	0.0020565	0.00269995	
0.00470123	0.00305288	0.00273762	0.00244089	0.00220501	0.00201631	0.00186498	0.00174419	0.0016481	0.00157026	0.00150625	0.00145219	0.00140572	0.00136525	0.00132952	0.00129755	0.00126885	0.00124292	0.00121938	0.00119805	0.00117876	0.0011613	0.00114549	0.00113112	0.0011179	0.00110564	0.00109426	0.00108367	0.00107378	0.00106461	0.00105609	0.00104815	0.0010407	0.0010337	0.00102711	0.00102087	0.00101496	0.00100934	0.00100402	0.000998961	0.000994149	0.000989565	0.000985193	0.00098103	0.000977062	0.000973289	0.000969701	0.000966285	0.000963043	0.000959956	0.000957017	0.000954221	0.000951559	0.000949032	0.000946638	0.000944372	0.000942238	0.000940228	0.000938335	0.000936554	0.000934876	0.0009333	0.00093182	0.000930436	0.000929143	0.000927944	0.000926835	0.000925808	0.000924861	0.000923991	0.000923215	0.000922522	0.0009219	0.000921347	0.00092086	0.000920438	0.000920096	0.000919834	0.000919636	0.000919496	0.000919436	0.000919441	0.000919515	0.000919667	0.000919897	0.00092021	0.00092061	0.000921103	0.000921691	0.000922382	0.000923174	0.000924072	0.000925076	0.000926182	0.000927385	0.000928685	0.000930075	0.000931552	0.000933117	0.000934766	0.000936491	0.000938298	0.000940188	0.000942158	0.000944202	0.000946317	0.000948508	0.000950769	0.000953104	0.000955514	0.000958003	0.00096058	0.000963233	0.000965967	0.000968773	0.000971666	0.000974652	0.000977735	0.000980922	0.000984227	0.00098767	0.000991269	0.000995039	0.000999016	0.00100324	0.00100774	0.00101257	0.0010178	0.00102351	0.00102976	0.00103666	0.00104428	0.00105267	0.00106195	0.00107221	0.00108357	0.00109626	0.00111056	0.0011268	0.00114561	0.00116768	0.0011942	0.00122633	0.00126555	0.00131424	0.00137633	0.00146037	0.00157905	0.00175215	0.00203687	0.00268909	
0.00470123	0.00303103	0.00272018	0.00242418	0.00218806	0.00199839	0.0018452	0.00172185	0.00162329	0.00154378	0.00147844	0.00142315	0.00137557	0.00133417	0.00129755	0.00126487	0.00123542	0.0012088	0.00118462	0.00116263	0.00114267	0.00112459	0.00110819	0.00109322	0.00107952	0.00106688	0.00105515	0.00104423	0.00103403	0.0010245	0.00101562	0.00100731	0.000999562	0.000992313	0.000985509	0.000979119	0.000973077	0.000967349	0.00096192	0.00095677	0.000951882	0.000947249	0.000942838	0.000938636	0.000934647	0.00093085	0.000927232	0.000923786	0.000920508	0.000917395	0.000914432	0.000911618	0.00090895	0.000906419	0.000904026	0.000901768	0.000899638	0.000897624	0.000895726	0.00089394	0.000892263	0.000890691	0.000889223	0.000887856	0.000886583	0.000885403	0.000884313	0.000883308	0.000882385	0.000881539	0.000880773	0.000880098	0.000879501	0.000878973	0.000878515	0.000878126	0.00087782	0.000877597	0.000877435	0.00087733	0.000877296	0.000877326	0.000877425	0.000877604	0.000877865	0.000878206	0.000878628	0.000879139	0.00087975	0.000880461	0.000881277	0.000882202	0.000883234	0.000884374	0.000885619	0.000886968	0.000888415	0.000889959	0.000891598	0.000893329	0.000895145	0.000897048	0.00089903	0.000901096	0.000903235	0.000905449	0.000907729	0.000910077	0.000912496	0.000914988	0.000917555	0.000920194	0.000922913	0.000925708	0.000928587	0.000931555	0.000934614	0.000937766	0.000941039	0.000944438	0.000947984	0.000951693	0.000955595	0.000959708	0.000964068	0.000968728	0.000973743	0.000979183	0.000985106	0.000991585	0.000998725	0.00100659	0.00101524	0.00102479	0.00103536	0.00104707	0.00106013	0.00107483	0.00109155	0.00111088	0.00113361	0.00116062	0.00119306	0.00123297	0.00128254	0.0013458	0.00143177	0.00155254	0.0017284	0.00201878	0.00267922	
0.00470123	0.00301143	0.00270459	0.0024093	0.00217303	0.00198261	0.00182795	0.0017025	0.00160157	0.00152043	0.00145378	0.00139732	0.00134868	0.00130627	0.00126885	0.00123542	0.00120531	0.00117808	0.00115331	0.00113078	0.00111027	0.00109159	0.0010745	0.00105889	0.00104461	0.00103146	0.00101932	0.00100806	0.000997539	0.000987693	0.000978491	0.000969877	0.000961796	0.000954243	0.000947176	0.000940536	0.000934318	0.000928453	0.000922906	0.000917646	0.00091265	0.00090791	0.000903406	0.000899129	0.000895071	0.000891216	0.000887548	0.000884057	0.00088074	0.000877591	0.000874599	0.000871762	0.00086907	0.00086652	0.000864107	0.000861823	0.000859664	0.000857627	0.000855711	0.000853908	0.000852218	0.00085064	0.000849168	0.000847797	0.000846523	0.000845343	0.000844253	0.000843251	0.000842331	0.000841491	0.00084074	0.000840083	0.000839503	0.000838992	0.000838549	0.000838177	0.000837889	0.00083769	0.000837554	0.000837475	0.000837467	0.000837526	0.000837663	0.000837885	0.000838194	0.000838586	0.000839066	0.000839642	0.000840323	0.000841109	0.000842007	0.000843016	0.000844132	0.000845349	0.000846667	0.000848085	0.0008496	0.000851212	0.000852917	0.000854707	0.000856586	0.00085855	0.000860601	0.000862736	0.000864948	0.000867237	0.000869596	0.000872029	0.000874536	0.000877115	0.000879756	0.00088247	0.000885254	0.000888112	0.000891052	0.000894086	0.000897208	0.000900434	0.000903776	0.000907243	0.000910862	0.000914654	0.000918642	0.000922862	0.000927346	0.000932151	0.000937329	0.000942931	0.000949018	0.000955695	0.000963029	0.000971062	0.000979906	0.000989655	0.00100043	0.0010124	0.00102579	0.00104089	0.00105809	0.00107795	0.0011013	0.00112899	0.00116208	0.0012024	0.0012526	0.00131706	0.00140506	0.0015279	0.00170639	0.0020022	0.00267045	
0.00470123	0.0029937	0.00269054	0.00239592	0.00215956	0.00196853	0.0018127	0.0016855	0.00158239	0.00149959	0.00143175	0.00137416	0.00132451	0.00128117	0.00124292	0.0012088	0.00117808	0.00115023	0.00112497	0.0011019	0.0010808	0.00106148	0.00104378	0.00102753	0.00101262	0.000998965	0.000986363	0.00097469	0.000963834	0.000953678	0.000944146	0.000935252	0.000926922	0.00091907	0.000911668	0.000904731	0.000898253	0.000892178	0.000886451	0.000881032	0.000875914	0.000871053	0.000866442	0.000862068	0.000857914	0.000853961	0.000850209	0.000846652	0.000843275	0.000840074	0.000837042	0.000834175	0.000831455	0.000828881	0.00082644	0.000824128	0.00082194	0.000819874	0.000817932	0.000816108	0.000814398	0.000812798	0.000811305	0.000809913	0.000808623	0.000807427	0.000806321	0.000805306	0.000804377	0.000803529	0.000802764	0.000802089	0.000801505	0.000801	0.000800571	0.00080022	0.000799957	0.000799784	0.00079967	0.000799613	0.000799628	0.000799705	0.000799852	0.000800088	0.000800413	0.000800827	0.000801336	0.000801953	0.000802691	0.000803547	0.000804522	0.000805613	0.000806824	0.000808146	0.000809574	0.0008111	0.000812721	0.000814429	0.00081622	0.00081809	0.00082004	0.000822072	0.000824184	0.000826375	0.000828645	0.000830995	0.000833419	0.000835911	0.000838482	0.000841123	0.000843834	0.000846623	0.000849484	0.000852421	0.000855435	0.000858532	0.000861726	0.000865033	0.000868462	0.000872026	0.000875739	0.000879629	0.000883729	0.00088806	0.000892666	0.000897596	0.000902932	0.000908691	0.000914975	0.000921849	0.000929329	0.000937504	0.000946498	0.000956415	0.000967379	0.000979582	0.000993294	0.00100879	0.00102643	0.0010468	0.00107075	0.00109904	0.00113275	0.0011735	0.00122437	0.00129015	0.00138001	0.00150493	0.00168595	0.00198709	0.0026627	
0.00470123	0.00297756	0.00267778	0.00238379	0.00214737	0.00195586	0.00179904	0.00167042	0.0015654	0.00148104	0.00141193	0.00135334	0.00130272	0.00125846	0.00121938	0.00118462	0.00115331	0.00112497	0.00109914	0.00107555	0.00105388	0.00103391	0.00101554	0.0009987	0.00098321	0.000968958	0.00095587	0.000943765	0.000932521	0.000922026	0.000912187	0.000902971	0.000894334	0.000886231	0.000878586	0.000871376	0.000864566	0.000858201	0.000852273	0.000846701	0.000841431	0.000836442	0.000831706	0.000827212	0.000822944	0.000818887	0.000815036	0.000811385	0.000807919	0.000804634	0.000801534	0.000798599	0.00079582	0.000793186	0.000790689	0.000788326	0.000786096	0.000783989	0.000782006	0.000780142	0.000778391	0.000776752	0.000775223	0.000773797	0.000772472	0.000771243	0.000770113	0.000769076	0.000768133	0.00076728	0.000766516	0.000765842	0.000765263	0.000764764	0.000764345	0.00076401	0.000763771	0.000763621	0.00076352	0.000763479	0.000763499	0.000763582	0.000763727	0.000763973	0.000764317	0.00076476	0.000765298	0.000765941	0.000766718	0.000767631	0.000768685	0.000769867	0.000771168	0.000772583	0.000774105	0.000775728	0.000777444	0.000779244	0.000781123	0.000783079	0.000785114	0.000787221	0.000789403	0.000791663	0.00079399	0.000796389	0.000798858	0.000801402	0.000804026	0.000806718	0.000809488	0.000812341	0.000815275	0.000818291	0.00082139	0.000824576	0.000827864	0.000831252	0.000834768	0.000838431	0.000842254	0.000846258	0.00085047	0.000854923	0.000859665	0.000864756	0.000870239	0.000876169	0.000882648	0.000889689	0.000897315	0.000905628	0.000914773	0.000924837	0.00093602	0.000948506	0.000962512	0.000978333	0.000996369	0.00101729	0.00104174	0.00107055	0.00110486	0.00114626	0.00119781	0.00126486	0.00135648	0.00148346	0.00166703	0.00197346	0.00265589	
0.00470123	0.00296274	0.00266613	0.00237273	0.00213628	0.00194435	0.00178669	0.00165686	0.00155021	0.0014644	0.00139412	0.0013345	0.00128306	0.00123789	0.00119805	0.00116263	0.00113078	0.0011019	0.00107555	0.00105135	0.00102908	0.00100853	0.000989565	0.000972084	0.000955987	0.000941167	0.000927517	0.000914929	0.000903278	0.000892427	0.000882273	0.00087274	0.000863816	0.000855436	0.000847548	0.000840106	0.000833076	0.000826438	0.000820239	0.000814451	0.000809019	0.000803878	0.000798999	0.000794368	0.000789966	0.000785783	0.000781809	0.000778034	0.000774461	0.000771078	0.000767877	0.000764851	0.00076199	0.000759284	0.000756716	0.000754285	0.000751985	0.000749816	0.000747774	0.000745852	0.00074405	0.000742361	0.000740784	0.000739317	0.000737956	0.000736699	0.000735542	0.000734485	0.000733522	0.000732656	0.000731884	0.000731206	0.000730627	0.000730141	0.00072974	0.000729425	0.000729205	0.000729072	0.000728988	0.000728968	0.000729003	0.000729099	0.000729266	0.000729517	0.000729867	0.000730317	0.00073087	0.000731536	0.00073236	0.000733342	0.000734463	0.000735718	0.000737098	0.000738588	0.000740188	0.000741886	0.000743672	0.000745548	0.000747506	0.000749542	0.000751655	0.000753846	0.000756099	0.00075842	0.000760813	0.000763279	0.000765815	0.00076842	0.000771097	0.000773847	0.00077667	0.000779581	0.000782577	0.000785661	0.000788837	0.000792116	0.000795496	0.000798991	0.000802608	0.000806367	0.00081029	0.000814394	0.000818719	0.000823297	0.000828178	0.000833412	0.00083906	0.000845193	0.000851848	0.000859022	0.000866786	0.000875258	0.000884575	0.000894842	0.000906246	0.000918955	0.000933201	0.000949333	0.000967786	0.000989175	0.00101411	0.0010435	0.00107842	0.00112044	0.00117279	0.00124113	0.00133439	0.00146338	0.00164956	0.00196118	0.0026501	
0.00470123	0.00294907	0.00265543	0.00236257	0.00212613	0.00193387	0.00177546	0.00164459	0.00153655	0.00144937	0.00137797	0.00131753	0.00126518	0.00121934	0.00117876	0.00114267	0.00111027	0.0010808	0.00105388	0.00102908	0.00100619	0.000985073	0.000965509	0.000947406	0.000930726	0.000915346	0.000901156	0.000888051	0.000875938	0.000864675	0.000854162	0.000844324	0.000835115	0.000826496	0.000818361	0.000810694	0.000803448	0.000796596	0.000790138	0.000784118	0.000778459	0.000773134	0.0007681	0.000763324	0.000758778	0.000754451	0.000750342	0.000746442	0.000742737	0.000739234	0.000735916	0.000732776	0.000729819	0.000727021	0.000724381	0.000721881	0.00071952	0.000717291	0.000715195	0.000713226	0.000711372	0.000709633	0.000708005	0.000706488	0.000705077	0.00070377	0.000702564	0.000701459	0.000700453	0.000699547	0.000698743	0.000698044	0.000697446	0.000696953	0.000696551	0.000696241	0.000696036	0.000695922	0.000695859	0.000695866	0.000695928	0.000696051	0.000696236	0.000696497	0.000696854	0.000697317	0.000697911	0.000698646	0.000699527	0.000700564	0.000701746	0.00070306	0.000704502	0.000706056	0.000707724	0.000709483	0.000711339	0.000713283	0.000715313	0.000717416	0.00071959	0.000721846	0.000724177	0.000726579	0.000729047	0.00073158	0.000734181	0.000736854	0.000739588	0.000742396	0.000745285	0.00074826	0.00075133	0.000754492	0.000757745	0.000761106	0.000764576	0.00076816	0.00077187	0.000775723	0.000779759	0.000783982	0.000788431	0.000793155	0.000798176	0.000803566	0.000809401	0.000815679	0.000822442	0.000829762	0.000837704	0.000846395	0.000855919	0.000866365	0.000877935	0.000890827	0.000905342	0.00092176	0.000940604	0.000962443	0.000987896	0.00101785	0.00105336	0.0010961	0.00114922	0.00121888	0.0013137	0.00144461	0.00163344	0.0019502	0.00264517	
0.00470123	0.0029364	0.00264555	0.00235322	0.00211681	0.00192424	0.0017652	0.00163344	0.00152417	0.00143572	0.00136321	0.00130202	0.00124903	0.00120251	0.0011613	0.00112459	0.00109159	0.00106148	0.00103391	0.00100853	0.000985073	0.000963362	0.000943242	0.000924573	0.000907305	0.000891321	0.000876592	0.000862977	0.000850386	0.000838705	0.000827823	0.000817645	0.000808122	0.000799209	0.000790843	0.000782958	0.00077551	0.000768459	0.000761796	0.000755516	0.000749651	0.000744118	0.000738893	0.000733944	0.000729237	0.000724766	0.000720525	0.000716501	0.000712689	0.000709066	0.000705639	0.0007024	0.000699328	0.000696432	0.000693699	0.000691111	0.000688669	0.000686361	0.000684187	0.000682142	0.000680219	0.000678417	0.00067673	0.000675156	0.000673691	0.000672337	0.00067109	0.000669948	0.000668907	0.000667969	0.000667132	0.0006664	0.000665775	0.000665257	0.000664842	0.000664539	0.000664357	0.000664266	0.000664226	0.000664247	0.000664327	0.000664469	0.000664676	0.000664957	0.000665348	0.000665851	0.000666502	0.000667295	0.000668212	0.000669281	0.000670494	0.000671843	0.000673327	0.000674927	0.000676637	0.000678456	0.000680367	0.000682374	0.000684467	0.000686638	0.000688887	0.000691216	0.000693618	0.000696093	0.000698632	0.000701233	0.000703908	0.000706649	0.000709457	0.000712342	0.000715305	0.000718358	0.000721501	0.00072474	0.000728077	0.000731512	0.00073507	0.000738757	0.000742576	0.000746551	0.000750697	0.000755045	0.000759636	0.000764492	0.000769663	0.000775213	0.000781191	0.000787606	0.00079451	0.000801994	0.000810128	0.000819005	0.000828694	0.000839325	0.000851074	0.000864172	0.000878878	0.000895629	0.000914898	0.000937165	0.000963093	0.000993621	0.0010298	0.00107324	0.00112708	0.00119805	0.00129437	0.00142708	0.00161866	0.00194049	0.00264099	
0.00470123	0.00292462	0.00263638	0.00234457	0.00210818	0.00191539	0.00175578	0.00162325	0.00151291	0.00142323	0.0013497	0.00128777	0.00123429	0.00118722	0.00114549	0.00110819	0.0010745	0.00104378	0.00101554	0.000989565	0.000965509	0.000943242	0.000922601	0.000903415	0.000885568	0.000869027	0.000853714	0.000839578	0.000826516	0.000814403	0.000803123	0.000792615	0.000782773	0.000773537	0.000764899	0.000756775	0.000749111	0.000741873	0.000735023	0.00072855	0.000722481	0.000716767	0.000711346	0.000706206	0.000701337	0.000696717	0.000692333	0.000688165	0.00068421	0.000680467	0.000676912	0.00067355	0.000670377	0.000667373	0.000664536	0.000661852	0.000659315	0.000656915	0.000654654	0.000652527	0.000650529	0.000648656	0.000646901	0.000645265	0.000643745	0.000642342	0.000641052	0.00063987	0.000638799	0.000637835	0.000636978	0.000636238	0.000635618	0.000635102	0.000634686	0.000634377	0.000634186	0.000634085	0.000634045	0.000634073	0.000634165	0.000634326	0.000634566	0.00063489	0.000635323	0.000635869	0.000636542	0.000637364	0.000638309	0.00063939	0.000640631	0.000642017	0.000643543	0.000645193	0.000646957	0.000648822	0.000650787	0.000652849	0.000654997	0.000657229	0.000659544	0.000661941	0.00066442	0.000666962	0.000669563	0.000672232	0.000674978	0.000677796	0.000680682	0.000683647	0.00068669	0.000689814	0.000693034	0.000696363	0.000699795	0.00070333	0.000707002	0.000710803	0.000714743	0.000718827	0.000723092	0.000727577	0.000732291	0.000737274	0.000742591	0.000748284	0.000754388	0.000760928	0.000767999	0.000775663	0.000783991	0.000793037	0.000802914	0.000813737	0.000825641	0.000838927	0.00085387	0.000870989	0.000890632	0.000913277	0.000939642	0.000970789	0.00100758	0.00105178	0.00110635	0.0011786	0.00127636	0.00141083	0.00160529	0.00193205	0.00263753	
