0.0108579	0.0108579	0.0108579	0.0108579	0.0108579	0.0108579	0.0108579	0.0108579	0.0108579	0.0108579	0.0108579	0.0108579	0.0108579	0.0108579	0.0108579	0.0108579	0.0108579	0.0108579	0.0108579	0.0108579	0.0108579	0.0108579	0.0108579	0.0108579	0.0108579	0.0108579	0.0108579	0.0108579	0.0108579	0.0108579	0.0108579	0.0108579	0.0108579	0.0108579	0.0108579	0.0108579	0.0108579	0.0108579	0.0108579	0.0108579	0.0108579	0.0108579	0.0108579	0.0108579	0.0108579	0.0108579	0.0108579	0.0108579	0.0108579	0.0108579	0.0108579	0.0108579	0.0108579	0.0108579	0.0108579	0.0108579	0.0108579	0.0108579	0.0108579	0.0108579	0.0108579	0.0108579	0.0108579	0.0108579	0.0108579	0.0108579	0.0108579	0.0108579	0.0108579	0.0108579	0.0108579	0.0108579	0.0108579	0.0108579	0.0108579	
0.0108579	0.00346294	0.00384117	0.00406432	0.0042218	0.00434274	0.00444041	0.00452196	0.0045917	0.00465243	0.00470608	0.004754	0.00479722	0.0048365	0.00487245	0.00490553	0.00493614	0.00496457	0.00499109	0.00501591	0.00503921	0.00506115	0.00508187	0.00510147	0.00512005	0.00513772	0.00515453	0.00517056	0.00518587	0.00520051	0.00521453	0.00522798	0.0052409	0.00525331	0.00526526	0.00527676	0.00528786	0.00529856	0.00530897	0.00531951	0.00533026	0.00534123	0.00535243	0.00536387	0.00537556	0.00538751	0.00539973	0.00541225	0.00542507	0.00543821	0.0054517	0.00546554	0.00547977	0.0054944	0.00550946	0.00552499	0.00554102	0.00555758	0.00557472	0.00559248	0.00561092	0.0056301	0.0056501	0.00567099	0.00569289	0.00571592	0.00574022	0.00576598	0.00579344	0.0058229	0.00585474	0.00588954	0.00592811	0.00597178	0.006023	
0.0108579	0.00384117	0.00426701	0.00451831	0.0046957	0.00483194	0.00494197	0.00503383	0.00511241	0.00518084	0.00524129	0.00529529	0.005344	0.00538828	0.00542879	0.00546608	0.00550057	0.00553262	0.00556251	0.00559049	0.00561676	0.0056415	0.00566485	0.00568695	0.00570791	0.00572782	0.00574678	0.00576486	0.00578212	0.00579863	0.00581445	0.00582962	0.00584418	0.00585818	0.00587165	0.00588463	0.00589714	0.00590922	0.00592096	0.00593285	0.00594498	0.00595736	0.00596999	0.00598289	0.00599608	0.00600956	0.00602336	0.00603748	0.00605195	0.00606678	0.006082	0.00609762	0.00611368	0.0061302	0.00614721	0.00616474	0.00618284	0.00620154	0.00622089	0.00624096	0.00626179	0.00628346	0.00630606	0.00632968	0.00635445	0.00638049	0.00640798	0.00643713	0.00646822	0.00650158	0.00653769	0.0065772	0.00662106	0.00667086	0.00672964	
0.0108579	0.00406432	0.00451831	0.00478627	0.00497543	0.00512073	0.00523807	0.00533606	0.00541986	0.00549284	0.00555731	0.00561491	0.00566687	0.00571409	0.00575731	0.00579709	0.00583388	0.00586807	0.00589996	0.00592981	0.00595783	0.00598422	0.00600914	0.00603272	0.00605507	0.00607632	0.00609655	0.00611583	0.00613425	0.00615187	0.00616875	0.00618493	0.00620047	0.00621541	0.00622979	0.00624363	0.00625699	0.00626987	0.0062824	0.00629509	0.00630804	0.00632124	0.00633473	0.0063485	0.00636257	0.00637696	0.00639169	0.00640676	0.0064222	0.00643804	0.00645428	0.00647096	0.0064881	0.00650573	0.00652389	0.00654261	0.00656193	0.0065819	0.00660257	0.00662399	0.00664624	0.00666939	0.00669353	0.00671877	0.00674522	0.00677305	0.00680244	0.0068336	0.00686683	0.00690251	0.00694114	0.00698343	0.00703043	0.00708386	0.00714715	
0.0108579	0.0042218	0.0046957	0.00497543	0.00517292	0.00532462	0.00544713	0.00554944	0.00563694	0.00571314	0.00578046	0.0058406	0.00589485	0.00594416	0.00598928	0.00603082	0.00606924	0.00610494	0.00613824	0.00616941	0.00619868	0.00622624	0.00625226	0.00627688	0.00630023	0.00632242	0.00634354	0.00636368	0.00638292	0.00640132	0.00641894	0.00643584	0.00645208	0.00646768	0.00648269	0.00649716	0.0065111	0.00652456	0.00653765	0.00655091	0.00656443	0.00657822	0.0065923	0.00660669	0.00662139	0.00663642	0.0066518	0.00666755	0.00668368	0.00670022	0.00671719	0.00673461	0.00675252	0.00677094	0.00678992	0.00680947	0.00682966	0.00685053	0.00687212	0.00689451	0.00691776	0.00694195	0.00696718	0.00699356	0.00702121	0.0070503	0.00708102	0.00711361	0.00714837	0.00718569	0.0072261	0.00727036	0.00731957	0.00737557	0.00744207	
0.0108579	0.00434274	0.00483194	0.00512073	0.00532462	0.00548124	0.00560773	0.00571336	0.0058037	0.00588239	0.00595189	0.006014	0.00607001	0.00612092	0.00616751	0.0062104	0.00625007	0.00628693	0.00632132	0.0063535	0.00638372	0.00641218	0.00643905	0.00646447	0.00648859	0.0065115	0.00653331	0.00655411	0.00657397	0.00659298	0.00661118	0.00662863	0.00664539	0.00666151	0.00667701	0.00669195	0.00670635	0.00672025	0.00673377	0.00674746	0.00676142	0.00677567	0.00679021	0.00680507	0.00682025	0.00683578	0.00685166	0.00686793	0.00688459	0.00690167	0.0069192	0.0069372	0.00695569	0.00697472	0.00699432	0.00701452	0.00703538	0.00705693	0.00707924	0.00710237	0.00712639	0.00715138	0.00717745	0.0072047	0.00723328	0.00726334	0.00729509	0.00732877	0.0073647	0.00740328	0.00744507	0.00749084	0.00754175	0.00759973	0.0076687	
0.0108579	0.00444041	0.00494197	0.00523807	0.00544713	0.00560773	0.00573744	0.00584575	0.00593839	0.00601908	0.00609036	0.00615404	0.00621148	0.00626369	0.00631147	0.00635545	0.00639613	0.00643393	0.00646919	0.0065022	0.00653319	0.00656238	0.00658993	0.006616	0.00664073	0.00666423	0.0066866	0.00670793	0.0067283	0.00674779	0.00676645	0.00678436	0.00680155	0.00681807	0.00683397	0.00684929	0.00686407	0.00687832	0.00689219	0.00690623	0.00692055	0.00693516	0.00695008	0.00696531	0.00698089	0.00699681	0.0070131	0.00702979	0.00704688	0.0070644	0.00708238	0.00710084	0.00711981	0.00713933	0.00715943	0.00718016	0.00720155	0.00722366	0.00724655	0.00727027	0.00729491	0.00732056	0.0073473	0.00737527	0.00740459	0.00743544	0.00746802	0.00750258	0.00753945	0.00757906	0.00762196	0.00766895	0.00772124	0.00778082	0.0078518	
0.0108579	0.00452196	0.00503383	0.00533606	0.00554944	0.00571336	0.00584575	0.00595631	0.00605087	0.00613323	0.00620599	0.00627099	0.00632962	0.00638292	0.00643169	0.00647659	0.00651812	0.0065567	0.00659269	0.00662639	0.00665802	0.00668781	0.00671594	0.00674255	0.00676779	0.00679178	0.00681462	0.00683639	0.00685719	0.00687708	0.00689614	0.00691441	0.00693196	0.00694883	0.00696507	0.0069807	0.00699579	0.00701034	0.00702449	0.00703882	0.00705344	0.00706836	0.00708359	0.00709915	0.00711505	0.0071313	0.00714794	0.00716497	0.00718242	0.0072003	0.00721866	0.00723751	0.00725688	0.00727681	0.00729733	0.00731849	0.00734034	0.00736291	0.00738628	0.00741051	0.00743567	0.00746185	0.00748917	0.00751772	0.00754767	0.00757917	0.00761244	0.00764775	0.00768541	0.00772587	0.0077697	0.00781771	0.00787115	0.00793208	0.00800473	
0.0108579	0.0045917	0.00511241	0.00541986	0.00563694	0.0058037	0.00593839	0.00605087	0.00614708	0.00623087	0.00630489	0.00637103	0.00643068	0.00648491	0.00653453	0.0065802	0.00662246	0.00666171	0.00669834	0.00673261	0.0067648	0.00679511	0.00682373	0.00685081	0.00687649	0.00690089	0.00692412	0.00694628	0.00696744	0.00698768	0.00700707	0.00702566	0.00704352	0.00706068	0.0070772	0.00709311	0.00710846	0.00712327	0.00713767	0.00715225	0.00716713	0.00718231	0.0071978	0.00721363	0.00722981	0.00724635	0.00726328	0.00728061	0.00729836	0.00731656	0.00733524	0.00735442	0.00737413	0.00739441	0.0074153	0.00743683	0.00745906	0.00748203	0.00750581	0.00753047	0.00755608	0.00758273	0.00761052	0.00763958	0.00767006	0.00770213	0.00773599	0.00777193	0.00781027	0.00785146	0.00789608	0.00794498	0.0079994	0.00806147	0.00813556	
0.0108579	0.00465243	0.00518084	0.00549284	0.00571314	0.00588239	0.00601908	0.00613323	0.00623087	0.00631591	0.00639104	0.00645816	0.0065187	0.00657373	0.0066241	0.00667045	0.00671334	0.00675318	0.00679035	0.00682514	0.00685781	0.00688857	0.00691761	0.0069451	0.00697116	0.00699593	0.00701951	0.007042	0.00706347	0.00708402	0.00710369	0.00712257	0.00714069	0.00715811	0.00717488	0.00719103	0.0072066	0.00722163	0.00723625	0.00725105	0.00726615	0.00728155	0.00729728	0.00731335	0.00732977	0.00734656	0.00736374	0.00738133	0.00739935	0.00741783	0.00743679	0.00745625	0.00747626	0.00749685	0.00751805	0.00753991	0.00756247	0.00758579	0.00760993	0.00763496	0.00766096	0.00768801	0.00771623	0.00774573	0.00777667	0.00780923	0.00784361	0.0078801	0.00791903	0.00796085	0.00800617	0.00805583	0.00811111	0.00817418	0.00824953	
0.0108579	0.00470608	0.00524129	0.00555731	0.00578046	0.00595189	0.00609036	0.00620599	0.00630489	0.00639104	0.00646713	0.00653513	0.00659645	0.0066522	0.00670322	0.00675018	0.00679362	0.00683398	0.00687163	0.00690687	0.00693997	0.00697113	0.00700055	0.00702839	0.0070548	0.00707989	0.00710378	0.00712656	0.00714831	0.00716912	0.00718906	0.00720817	0.00722653	0.00724418	0.00726116	0.00727753	0.0072933	0.00730853	0.00732334	0.00733833	0.00735363	0.00736923	0.00738517	0.00740144	0.00741808	0.00743509	0.00745249	0.00747031	0.00748857	0.00750729	0.0075265	0.00754622	0.00756649	0.00758735	0.00760882	0.00763097	0.00765383	0.00767746	0.00770191	0.00772727	0.00775361	0.00778102	0.00780961	0.00783951	0.00787086	0.00790385	0.00793869	0.00797567	0.00801512	0.0080575	0.00810343	0.00815376	0.00820981	0.00827377	0.00835022	
0.0108579	0.004754	0.00529529	0.00561491	0.0058406	0.006014	0.00615404	0.00627099	0.00637103	0.00645816	0.00653513	0.0066039	0.00666593	0.00672232	0.00677392	0.00682142	0.00686535	0.00690618	0.00694426	0.00697991	0.00701338	0.0070449	0.00707466	0.00710282	0.00712953	0.00715491	0.00717907	0.00720211	0.00722412	0.00724517	0.00726533	0.00728467	0.00730324	0.00732109	0.00733827	0.00735482	0.00737078	0.00738618	0.00740116	0.00741632	0.00743179	0.00744758	0.0074637	0.00748016	0.00749699	0.0075142	0.0075318	0.00754983	0.00756829	0.00758723	0.00760666	0.00762661	0.00764711	0.00766821	0.00768994	0.00771234	0.00773546	0.00775937	0.00778411	0.00780976	0.00783641	0.00786414	0.00789306	0.00792331	0.00795502	0.0079884	0.00802365	0.00806106	0.00810098	0.00814386	0.00819034	0.00824128	0.008298	0.00836276	0.0084402	
0.0108579	0.00479722	0.005344	0.00566687	0.00589485	0.00607001	0.00621148	0.00632962	0.00643068	0.0065187	0.00659645	0.00666593	0.00672859	0.00678555	0.00683768	0.00688567	0.00693005	0.0069713	0.00700977	0.00704578	0.0070796	0.00711144	0.00714151	0.00716996	0.00719694	0.00722258	0.00724699	0.00727026	0.00729249	0.00731376	0.00733413	0.00735367	0.00737243	0.00739046	0.00740782	0.00742453	0.00744066	0.00745622	0.00747135	0.00748667	0.0075023	0.00751825	0.00753453	0.00755117	0.00756816	0.00758555	0.00760333	0.00762154	0.0076402	0.00765933	0.00767896	0.00769912	0.00771984	0.00774115	0.0077631	0.00778574	0.0078091	0.00783325	0.00785825	0.00788417	0.00791109	0.0079391	0.00796833	0.00799889	0.00803094	0.00806466	0.00810028	0.00813809	0.00817842	0.00822176	0.00826873	0.00832021	0.00837756	0.00844302	0.00852136	
0.0108579	0.0048365	0.00538828	0.00571409	0.00594416	0.00612092	0.00626369	0.00638292	0.00648491	0.00657373	0.0066522	0.00672232	0.00678555	0.00684304	0.00689565	0.00694408	0.00698887	0.00703049	0.00706932	0.00710566	0.00713979	0.00717193	0.00720227	0.00723098	0.00725821	0.00728409	0.00730872	0.00733222	0.00735465	0.00737612	0.00739667	0.00741639	0.00743532	0.00745352	0.00747104	0.00748791	0.00750418	0.00751989	0.00753516	0.00755062	0.0075664	0.00758249	0.00759893	0.00761571	0.00763287	0.00765041	0.00766837	0.00768674	0.00770558	0.00772488	0.00774469	0.00776504	0.00778595	0.00780746	0.00782962	0.00785246	0.00787604	0.00790041	0.00792565	0.00795181	0.00797898	0.00800726	0.00803676	0.0080676	0.00809995	0.00813399	0.00816995	0.00820811	0.00824883	0.00829258	0.00834	0.00839198	0.00844988	0.008516	0.00859515	
0.0108579	0.00487245	0.00542879	0.00575731	0.00598928	0.00616751	0.00631147	0.00643169	0.00653453	0.0066241	0.00670322	0.00677392	0.00683768	0.00689565	0.0069487	0.00699753	0.0070427	0.00708467	0.00712382	0.00716047	0.00719488	0.00722729	0.00725788	0.00728683	0.00731429	0.00734038	0.00736522	0.00738891	0.00741154	0.00743318	0.00745391	0.00747379	0.00749288	0.00751124	0.0075289	0.00754591	0.00756232	0.00757816	0.00759356	0.00760915	0.00762506	0.00764129	0.00765786	0.00767479	0.00769209	0.00770978	0.00772788	0.00774641	0.0077654	0.00778487	0.00780485	0.00782536	0.00784645	0.00786815	0.00789049	0.00791352	0.0079373	0.00796188	0.00798733	0.00801371	0.00804111	0.00806963	0.00809938	0.00813049	0.00816312	0.00819745	0.00823371	0.0082722	0.00831327	0.0083574	0.00840523	0.00845766	0.00851607	0.00858279	0.00866269	
0.0108579	0.00490553	0.00546608	0.00579709	0.00603082	0.0062104	0.00635545	0.00647659	0.0065802	0.00667045	0.00675018	0.00682142	0.00688567	0.00694408	0.00699753	0.00704673	0.00709224	0.00713453	0.00717398	0.00721091	0.00724559	0.00727824	0.00730907	0.00733824	0.00736591	0.0073922	0.00741723	0.0074411	0.0074639	0.00748571	0.0075066	0.00752663	0.00754587	0.00756436	0.00758216	0.0075993	0.00761584	0.00763179	0.00764731	0.00766302	0.00767905	0.00769541	0.00771211	0.00772916	0.0077466	0.00776442	0.00778266	0.00780134	0.00782047	0.00784009	0.00786022	0.0078809	0.00790214	0.00792401	0.00794652	0.00796973	0.0079937	0.00801847	0.00804411	0.00807069	0.00809831	0.00812705	0.00815703	0.00818838	0.00822126	0.00825585	0.0082924	0.00833119	0.00837258	0.00841706	0.00846526	0.00851812	0.008577	0.00864427	0.00872485	
0.0108579	0.00493614	0.00550057	0.00583388	0.00606924	0.00625007	0.00639613	0.00651812	0.00662246	0.00671334	0.00679362	0.00686535	0.00693005	0.00698887	0.0070427	0.00709224	0.00713808	0.00718066	0.00722039	0.00725758	0.00729249	0.00732538	0.00735642	0.0073858	0.00741366	0.00744014	0.00746534	0.00748938	0.00751234	0.0075343	0.00755533	0.00757551	0.00759488	0.00761351	0.00763143	0.00764869	0.00766534	0.00768141	0.00769704	0.00771286	0.007729	0.00774548	0.00776229	0.00777947	0.00779702	0.00781498	0.00783335	0.00785215	0.00787142	0.00789118	0.00791145	0.00793227	0.00795367	0.00797568	0.00799836	0.00802173	0.00804587	0.00807081	0.00809664	0.00812341	0.00815122	0.00818017	0.00821036	0.00824193	0.00827504	0.00830989	0.0083467	0.00838576	0.00842746	0.00847225	0.00852081	0.00857405	0.00863337	0.00870115	0.00878236	
0.0108579	0.00496457	0.00553262	0.00586807	0.00610494	0.00628693	0.00643393	0.0065567	0.00666171	0.00675318	0.00683398	0.00690618	0.0069713	0.00703049	0.00708467	0.00713453	0.00718066	0.00722353	0.00726351	0.00730094	0.00733608	0.00736917	0.00740042	0.00742999	0.00745803	0.00748468	0.00751005	0.00753424	0.00755735	0.00757945	0.00760062	0.00762093	0.00764043	0.00765917	0.00767721	0.00769459	0.00771134	0.00772752	0.00774324	0.00775917	0.00777542	0.007792	0.00780892	0.00782621	0.00784388	0.00786195	0.00788044	0.00789937	0.00791876	0.00793865	0.00795905	0.00798001	0.00800154	0.0080237	0.00804652	0.00807005	0.00809434	0.00811945	0.00814544	0.00817239	0.00820039	0.00822952	0.00825991	0.00829169	0.00832502	0.0083601	0.00839715	0.00843648	0.00847844	0.00852354	0.00857242	0.00862602	0.00868575	0.008754	0.00883581	
0.0108579	0.00499109	0.00556251	0.00589996	0.00613824	0.00632132	0.00646919	0.00659269	0.00669834	0.00679035	0.00687163	0.00694426	0.00700977	0.00706932	0.00712382	0.00717398	0.00722039	0.00726351	0.00730373	0.00734138	0.00737674	0.00741003	0.00744146	0.00747121	0.00749942	0.00752623	0.00755175	0.00757609	0.00759933	0.00762157	0.00764287	0.00766329	0.00768291	0.00770177	0.00771991	0.0077374	0.00775426	0.00777053	0.00778635	0.00780237	0.00781871	0.00783539	0.00785242	0.00786981	0.00788759	0.00790577	0.00792437	0.00794341	0.00796292	0.00798293	0.00800346	0.00802454	0.0080462	0.0080685	0.00809145	0.00811513	0.00813956	0.00816482	0.00819097	0.00821809	0.00824625	0.00827556	0.00830614	0.00833811	0.00837165	0.00840694	0.00844422	0.00848378	0.00852601	0.00857138	0.00862057	0.0086745	0.00873461	0.0088033	0.00888567	
0.0108579	0.00501591	0.00559049	0.00592981	0.00616941	0.0063535	0.0065022	0.00662639	0.00673261	0.00682514	0.00690687	0.00697991	0.00704578	0.00710566	0.00716047	0.00721091	0.00725758	0.00730094	0.00734138	0.00737924	0.0074148	0.00744827	0.00747988	0.0075098	0.00753816	0.00756512	0.00759078	0.00761526	0.00763863	0.00766099	0.00768241	0.00770295	0.00772268	0.00774164	0.00775989	0.00777747	0.00779442	0.00781079	0.0078267	0.00784281	0.00785924	0.00787602	0.00789314	0.00791063	0.00792851	0.00794679	0.00796549	0.00798464	0.00800426	0.00802438	0.00804502	0.00806622	0.00808801	0.00811043	0.00813352	0.00815732	0.0081819	0.0082073	0.0082336	0.00826086	0.00828918	0.00831866	0.00834941	0.00838157	0.00841529	0.00845078	0.00848827	0.00852807	0.00857053	0.00861617	0.00866564	0.00871989	0.00878035	0.00884946	0.00893234	
0.0108579	0.00503921	0.00561676	0.00595783	0.00619868	0.00638372	0.00653319	0.00665802	0.0067648	0.00685781	0.00693997	0.00701338	0.0070796	0.00713979	0.00719488	0.00724559	0.00729249	0.00733608	0.00737674	0.0074148	0.00745053	0.00748419	0.00751596	0.00754603	0.00757454	0.00760164	0.00762744	0.00765204	0.00767554	0.00769802	0.00771955	0.0077402	0.00776002	0.00777909	0.00779743	0.0078151	0.00783214	0.00784859	0.00786458	0.00788078	0.0078973	0.00791416	0.00793137	0.00794896	0.00796693	0.0079853	0.0080041	0.00802336	0.00804308	0.0080633	0.00808405	0.00810536	0.00812727	0.0081498	0.00817301	0.00819694	0.00822165	0.00824718	0.00827362	0.00830103	0.0083295	0.00835913	0.00839005	0.00842237	0.00845628	0.00849196	0.00852965	0.00856965	0.00861235	0.00865823	0.00870797	0.00876251	0.00882331	0.0088928	0.00897617	
0.0108579	0.00506115	0.0056415	0.00598422	0.00622624	0.00641218	0.00656238	0.00668781	0.00679511	0.00688857	0.00697113	0.0070449	0.00711144	0.00717193	0.00722729	0.00727824	0.00732538	0.00736917	0.00741003	0.00744827	0.00748419	0.00751801	0.00754993	0.00758015	0.0076088	0.00763603	0.00766196	0.00768668	0.00771029	0.00773288	0.00775452	0.00777527	0.00779519	0.00781435	0.00783278	0.00785054	0.00786766	0.00788419	0.00790026	0.00791654	0.00793314	0.00795008	0.00796738	0.00798505	0.00800311	0.00802157	0.00804047	0.00805981	0.00807964	0.00809996	0.00812081	0.00814223	0.00816424	0.00818688	0.00821021	0.00823426	0.00825908	0.00828474	0.00831131	0.00833886	0.00836747	0.00839725	0.00842831	0.0084608	0.00849487	0.00853073	0.00856861	0.00860881	0.00865172	0.00869784	0.00874783	0.00880265	0.00886376	0.00893362	0.00901745	
0.0108579	0.00508187	0.00566485	0.00600914	0.00625226	0.00643905	0.00658993	0.00671594	0.00682373	0.00691761	0.00700055	0.00707466	0.00714151	0.00720227	0.00725788	0.00730907	0.00735642	0.00740042	0.00744146	0.00747988	0.00751596	0.00754993	0.00758201	0.00761236	0.00764115	0.00766851	0.00769455	0.00771938	0.00774311	0.0077658	0.00778753	0.00780838	0.00782839	0.00784764	0.00786616	0.007884	0.0079012	0.0079178	0.00793395	0.0079503	0.00796698	0.007984	0.00800138	0.00801913	0.00803727	0.00805582	0.0080748	0.00809424	0.00811415	0.00813457	0.00815552	0.00817703	0.00819914	0.00822189	0.00824533	0.00826949	0.00829443	0.00832021	0.0083469	0.00837457	0.00840332	0.00843323	0.00846444	0.00849708	0.00853131	0.00856734	0.0086054	0.00864579	0.0086889	0.00873523	0.00878546	0.00884054	0.00890195	0.00897215	0.00905642	
0.0108579	0.00510147	0.00568695	0.00603272	0.00627688	0.00646447	0.006616	0.00674255	0.00685081	0.0069451	0.00702839	0.00710282	0.00716996	0.00723098	0.00728683	0.00733824	0.0073858	0.00742999	0.00747121	0.0075098	0.00754603	0.00758015	0.00761236	0.00764285	0.00767176	0.00769923	0.00772539	0.00775033	0.00777416	0.00779695	0.00781877	0.00783971	0.00785981	0.00787914	0.00789774	0.00791566	0.00793294	0.00794961	0.00796583	0.00798225	0.007999	0.0080161	0.00803355	0.00805138	0.0080696	0.00808823	0.00810729	0.00812681	0.00814681	0.00816732	0.00818836	0.00820997	0.00823218	0.00825503	0.00827856	0.00830283	0.00832787	0.00835377	0.00838057	0.00840837	0.00843724	0.00846729	0.00849864	0.00853142	0.0085658	0.00860198	0.00864021	0.00868078	0.00872408	0.00877062	0.00882107	0.00887641	0.0089381	0.00900863	0.0090933	
0.0108579	0.00512005	0.00570791	0.00605507	0.00630023	0.00648859	0.00664073	0.00676779	0.00687649	0.00697116	0.0070548	0.00712953	0.00719694	0.00725821	0.00731429	0.00736591	0.00741366	0.00745803	0.00749942	0.00753816	0.00757454	0.0076088	0.00764115	0.00767176	0.00770079	0.00772838	0.00775464	0.00777968	0.00780361	0.00782649	0.00784841	0.00786943	0.00788961	0.00790902	0.00792769	0.00794569	0.00796304	0.00797978	0.00799606	0.00801255	0.00802937	0.00804654	0.00806406	0.00808196	0.00810026	0.00811896	0.00813811	0.00815771	0.00817779	0.00819838	0.0082195	0.0082412	0.0082635	0.00828645	0.00831008	0.00833444	0.0083596	0.0083856	0.00841251	0.00844042	0.00846941	0.00849959	0.00853106	0.00856398	0.00859851	0.00863484	0.00867323	0.00871397	0.00875745	0.00880418	0.00885485	0.00891042	0.00897238	0.00904322	0.00912828	
0.0108579	0.00513772	0.00572782	0.00607632	0.00632242	0.0065115	0.00666423	0.00679178	0.00690089	0.00699593	0.00707989	0.00715491	0.00722258	0.00728409	0.00734038	0.0073922	0.00744014	0.00748468	0.00752623	0.00756512	0.00760164	0.00763603	0.00766851	0.00769923	0.00772838	0.00775607	0.00778243	0.00780758	0.00783159	0.00785456	0.00787656	0.00789767	0.00791793	0.00793741	0.00795616	0.00797422	0.00799164	0.00800845	0.00802479	0.00804135	0.00805823	0.00807546	0.00809306	0.00811103	0.00812939	0.00814817	0.00816739	0.00818707	0.00820722	0.00822789	0.0082491	0.00827089	0.00829327	0.00831631	0.00834003	0.00836449	0.00838974	0.00841585	0.00844287	0.00847088	0.00849999	0.00853028	0.00856188	0.00859493	0.00862959	0.00866607	0.0087046	0.0087455	0.00878916	0.00883608	0.00888695	0.00894275	0.00900495	0.00907609	0.00916152	
0.0108579	0.00515453	0.00574678	0.00609655	0.00634354	0.00653331	0.0066866	0.00681462	0.00692412	0.00701951	0.00710378	0.00717907	0.00724699	0.00730872	0.00736522	0.00741723	0.00746534	0.00751005	0.00755175	0.00759078	0.00762744	0.00766196	0.00769455	0.00772539	0.00775464	0.00778243	0.00780889	0.00783413	0.00785823	0.00788129	0.00790337	0.00792455	0.00794489	0.00796444	0.00798326	0.00800139	0.00801887	0.00803574	0.00805215	0.00806876	0.00808571	0.008103	0.00812066	0.0081387	0.00815713	0.00817598	0.00819527	0.00821502	0.00823525	0.008256	0.00827728	0.00829915	0.00832162	0.00834474	0.00836855	0.0083931	0.00841844	0.00844464	0.00847176	0.00849989	0.0085291	0.0085595	0.00859122	0.00862439	0.00865918	0.00869579	0.00873447	0.00877553	0.00881935	0.00886645	0.00891751	0.00897352	0.00903597	0.00910739	0.00919317	
0.0108579	0.00517056	0.00576486	0.00611583	0.00636368	0.00655411	0.00670793	0.00683639	0.00694628	0.007042	0.00712656	0.00720211	0.00727026	0.00733222	0.00738891	0.0074411	0.00748938	0.00753424	0.00757609	0.00761526	0.00765204	0.00768668	0.00771938	0.00775033	0.00777968	0.00780758	0.00783413	0.00785945	0.00788364	0.00790677	0.00792893	0.00795019	0.0079706	0.00799022	0.0080091	0.00802729	0.00804484	0.00806177	0.00807823	0.0080949	0.00811191	0.00812926	0.00814698	0.00816508	0.00818358	0.0082025	0.00822185	0.00824167	0.00826198	0.00828279	0.00830416	0.0083261	0.00834865	0.00837185	0.00839574	0.00842038	0.00844581	0.0084721	0.00849932	0.00852754	0.00855686	0.00858737	0.0086192	0.00865249	0.0086874	0.00872414	0.00876296	0.00880416	0.00884814	0.00889541	0.00894666	0.00900287	0.00906555	0.00913723	0.00922335	
0.0108579	0.00518587	0.00578212	0.00613425	0.00638292	0.00657397	0.0067283	0.00685719	0.00696744	0.00706347	0.00714831	0.00722412	0.00729249	0.00735465	0.00741154	0.0074639	0.00751234	0.00755735	0.00759933	0.00763863	0.00767554	0.00771029	0.00774311	0.00777416	0.00780361	0.00783159	0.00785823	0.00788364	0.00790791	0.00793112	0.00795335	0.00797468	0.00799516	0.00801484	0.00803379	0.00805204	0.00806964	0.00808663	0.00810314	0.00811987	0.00813694	0.00815435	0.00817213	0.00819029	0.00820885	0.00822783	0.00824725	0.00826713	0.0082875	0.00830839	0.00832982	0.00835184	0.00837446	0.00839774	0.00842172	0.00844644	0.00847195	0.00849833	0.00852564	0.00855396	0.00858337	0.00861399	0.00864592	0.00867932	0.00871435	0.00875122	0.00879017	0.00883151	0.00887564	0.00892307	0.00897449	0.0090309	0.0090938	0.00916574	0.00925219	
0.0108579	0.00520051	0.00579863	0.00615187	0.00640132	0.00659298	0.00674779	0.00687708	0.00698768	0.00708402	0.00716912	0.00724517	0.00731376	0.00737612	0.00743318	0.00748571	0.0075343	0.00757945	0.00762157	0.00766099	0.00769802	0.00773288	0.0077658	0.00779695	0.00782649	0.00785456	0.00788129	0.00790677	0.00793112	0.0079544	0.00797671	0.0079981	0.00801864	0.00803839	0.0080574	0.00807571	0.00809336	0.00811041	0.00812698	0.00814376	0.00816088	0.00817834	0.00819618	0.0082144	0.00823301	0.00825205	0.00827154	0.00829148	0.00831192	0.00833288	0.00835438	0.00837646	0.00839916	0.00842251	0.00844656	0.00847136	0.00849696	0.00852343	0.00855082	0.00857923	0.00860874	0.00863945	0.00867149	0.00870499	0.00874014	0.00877712	0.0088162	0.00885768	0.00890195	0.00894953	0.00900112	0.00905772	0.00912083	0.00919301	0.00927977	
0.0108579	0.00521453	0.00581445	0.00616875	0.00641894	0.00661118	0.00676645	0.00689614	0.00700707	0.00710369	0.00718906	0.00726533	0.00733413	0.00739667	0.00745391	0.0075066	0.00755533	0.00760062	0.00764287	0.00768241	0.00771955	0.00775452	0.00778753	0.00781877	0.00784841	0.00787656	0.00790337	0.00792893	0.00795335	0.00797671	0.00799908	0.00802054	0.00804114	0.00806095	0.00808002	0.00809838	0.00811609	0.00813318	0.0081498	0.00816664	0.00818381	0.00820133	0.00821922	0.00823749	0.00825616	0.00827526	0.0082948	0.00831481	0.00833531	0.00835633	0.0083779	0.00840005	0.00842281	0.00844624	0.00847036	0.00849524	0.00852091	0.00854746	0.00857494	0.00860343	0.00863303	0.00866384	0.00869598	0.00872958	0.00876484	0.00880194	0.00884113	0.00888274	0.00892715	0.00897488	0.00902663	0.00908341	0.00914672	0.00921913	0.00930619	
0.0108579	0.00522798	0.00582962	0.00618493	0.00643584	0.00662863	0.00678436	0.00691441	0.00702566	0.00712257	0.00720817	0.00728467	0.00735367	0.00741639	0.00747379	0.00752663	0.00757551	0.00762093	0.00766329	0.00770295	0.0077402	0.00777527	0.00780838	0.00783971	0.00786943	0.00789767	0.00792455	0.00795019	0.00797468	0.0079981	0.00802054	0.00804206	0.00806272	0.00808259	0.00810171	0.00812013	0.00813789	0.00815503	0.0081717	0.00818858	0.0082058	0.00822337	0.00824131	0.00825964	0.00827837	0.00829752	0.00831712	0.00833718	0.00835774	0.00837882	0.00840045	0.00842267	0.0084455	0.00846899	0.00849319	0.00851814	0.00854389	0.00857051	0.00859807	0.00862665	0.00865633	0.00868723	0.00871946	0.00875317	0.00878853	0.00882574	0.00886505	0.00890677	0.00895132	0.00899919	0.0090511	0.00910804	0.00917155	0.00924419	0.00933153	
0.0108579	0.0052409	0.00584418	0.00620047	0.00645208	0.00664539	0.00680155	0.00693196	0.00704352	0.00714069	0.00722653	0.00730324	0.00737243	0.00743532	0.00749288	0.00754587	0.00759488	0.00764043	0.00768291	0.00772268	0.00776002	0.00779519	0.00782839	0.00785981	0.00788961	0.00791793	0.00794489	0.0079706	0.00799516	0.00801864	0.00804114	0.00806272	0.00808345	0.00810337	0.00812254	0.00814101	0.00815882	0.00817601	0.00819272	0.00820965	0.00822692	0.00824454	0.00826253	0.00828091	0.00829969	0.00831889	0.00833855	0.00835867	0.00837929	0.00840042	0.00842212	0.00844439	0.00846729	0.00849085	0.00851511	0.00854012	0.00856595	0.00859265	0.00862028	0.00864894	0.00867871	0.00870969	0.00874202	0.00877582	0.00881127	0.00884859	0.00888801	0.00892986	0.00897452	0.00902253	0.00907459	0.0091317	0.00919539	0.00926825	0.00935586	
0.0108579	0.00525331	0.00585818	0.00621541	0.00646768	0.00666151	0.00681807	0.00694883	0.00706068	0.00715811	0.00724418	0.00732109	0.00739046	0.00745352	0.00751124	0.00756436	0.00761351	0.00765917	0.00770177	0.00774164	0.00777909	0.00781435	0.00784764	0.00787914	0.00790902	0.00793741	0.00796444	0.00799022	0.00801484	0.00803839	0.00806095	0.00808259	0.00810337	0.00812334	0.00814256	0.00816108	0.00817894	0.00819618	0.00821293	0.00822991	0.00824722	0.00826489	0.00828293	0.00830135	0.00832019	0.00833944	0.00835915	0.00837932	0.0084	0.00842119	0.00844294	0.00846528	0.00848823	0.00851185	0.00853618	0.00856127	0.00858716	0.00861393	0.00864164	0.00867037	0.00870022	0.00873129	0.0087637	0.00879759	0.00883314	0.00887056	0.00891009	0.00895205	0.00899684	0.00904498	0.00909718	0.00915445	0.00921831	0.00929138	0.00937926	
0.0108579	0.00526526	0.00587165	0.00622979	0.00648269	0.00667701	0.00683397	0.00696507	0.0070772	0.00717488	0.00726116	0.00733827	0.00740782	0.00747104	0.0075289	0.00758216	0.00763143	0.00767721	0.00771991	0.00775989	0.00779743	0.00783278	0.00786616	0.00789774	0.00792769	0.00795616	0.00798326	0.0080091	0.00803379	0.0080574	0.00808002	0.00810171	0.00812254	0.00814256	0.00816184	0.0081804	0.00819831	0.00821558	0.00823239	0.0082494	0.00826676	0.00828447	0.00830256	0.00832103	0.00833991	0.00835922	0.00837897	0.0083992	0.00841993	0.00844118	0.00846298	0.00848537	0.00850839	0.00853207	0.00855646	0.00858161	0.00860757	0.00863441	0.00866219	0.008691	0.00872093	0.00875207	0.00878457	0.00881855	0.00885419	0.0088917	0.00893134	0.0089734	0.00901831	0.00906658	0.00911892	0.00917634	0.00924038	0.00931365	0.00940177	
0.0108579	0.00527676	0.00588463	0.00624363	0.00649716	0.00669195	0.00684929	0.0069807	0.00709311	0.00719103	0.00727753	0.00735482	0.00742453	0.00748791	0.00754591	0.0075993	0.00764869	0.00769459	0.0077374	0.00777747	0.0078151	0.00785054	0.007884	0.00791566	0.00794569	0.00797422	0.00800139	0.00802729	0.00805204	0.00807571	0.00809838	0.00812013	0.00814101	0.00816108	0.0081804	0.00819901	0.00821696	0.00823428	0.00825113	0.00826819	0.00828559	0.00830334	0.00832147	0.00833999	0.00835892	0.00837827	0.00839807	0.00841835	0.00843913	0.00846043	0.00848229	0.00850474	0.00852781	0.00855155	0.008576	0.00860121	0.00862724	0.00865414	0.00868199	0.00871087	0.00874087	0.0087721	0.00880467	0.00883874	0.00887447	0.00891207	0.0089518	0.00899398	0.009039	0.00908739	0.00913986	0.00919743	0.00926163	0.0093351	0.00942347	
0.0108579	0.00528786	0.00589714	0.00625699	0.0065111	0.00670635	0.00686407	0.00699579	0.00710846	0.0072066	0.0072933	0.00737078	0.00744066	0.00750418	0.00756232	0.00761584	0.00766534	0.00771134	0.00775426	0.00779442	0.00783214	0.00786766	0.0079012	0.00793294	0.00796304	0.00799164	0.00801887	0.00804484	0.00806964	0.00809336	0.00811609	0.00813789	0.00815882	0.00817894	0.00819831	0.00821696	0.00823495	0.00825231	0.0082692	0.0082863	0.00830374	0.00832154	0.00833971	0.00835827	0.00837724	0.00839664	0.00841649	0.00843682	0.00845764	0.008479	0.00850091	0.00852341	0.00854654	0.00857033	0.00859484	0.00862011	0.0086462	0.00867317	0.00870108	0.00873003	0.0087601	0.0087914	0.00882406	0.0088582	0.00889402	0.00893172	0.00897154	0.00901382	0.00905895	0.00910745	0.00916006	0.00921777	0.00928213	0.00935578	0.00944438	
0.0108579	0.00529856	0.00590922	0.00626987	0.00652456	0.00672025	0.00687832	0.00701034	0.00712327	0.00722163	0.00730853	0.00738618	0.00745622	0.00751989	0.00757816	0.00763179	0.00768141	0.00772752	0.00777053	0.00781079	0.00784859	0.00788419	0.0079178	0.00794961	0.00797978	0.00800845	0.00803574	0.00806177	0.00808663	0.00811041	0.00813318	0.00815503	0.00817601	0.00819618	0.00821558	0.00823428	0.00825231	0.00826971	0.00828664	0.00830378	0.00832126	0.0083391	0.00835731	0.00837591	0.00839493	0.00841437	0.00843427	0.00845464	0.00847551	0.00849691	0.00851888	0.00854143	0.00856461	0.00858846	0.00861302	0.00863835	0.0086645	0.00869153	0.00871951	0.00874853	0.00877867	0.00881004	0.00884277	0.00887699	0.00891289	0.00895068	0.0089906	0.00903297	0.0090782	0.00912682	0.00917955	0.00923739	0.00930191	0.00937574	0.00946457	
0.0108579	0.00530897	0.00592096	0.0062824	0.00653765	0.00673377	0.00689219	0.00702449	0.00713767	0.00723625	0.00732334	0.00740116	0.00747135	0.00753516	0.00759356	0.00764731	0.00769704	0.00774324	0.00778635	0.0078267	0.00786458	0.00790026	0.00793395	0.00796583	0.00799606	0.00802479	0.00805215	0.00807823	0.00810314	0.00812698	0.0081498	0.0081717	0.00819272	0.00821293	0.00823239	0.00825113	0.0082692	0.00828664	0.0083036	0.00832077	0.00833829	0.00835617	0.00837442	0.00839307	0.00841213	0.00843161	0.00845156	0.00847197	0.00849289	0.00851434	0.00853635	0.00855895	0.00858218	0.00860609	0.00863071	0.00865609	0.0086823	0.00870939	0.00873743	0.00876651	0.00879672	0.00882816	0.00886096	0.00889526	0.00893125	0.00896911	0.00900912	0.00905159	0.00909693	0.00914566	0.0091985	0.00925648	0.00932115	0.00939515	0.00948421	
0.0108579	0.00531951	0.00593285	0.00629509	0.00655091	0.00674746	0.00690623	0.00703882	0.00715225	0.00725105	0.00733833	0.00741632	0.00748667	0.00755062	0.00760915	0.00766302	0.00771286	0.00775917	0.00780237	0.00784281	0.00788078	0.00791654	0.0079503	0.00798225	0.00801255	0.00804135	0.00806876	0.0080949	0.00811987	0.00814376	0.00816664	0.00818858	0.00820965	0.00822991	0.0082494	0.00826819	0.0082863	0.00830378	0.00832077	0.00833799	0.00835555	0.00837347	0.00839176	0.00841045	0.00842955	0.00844908	0.00846906	0.00848953	0.00851049	0.00853199	0.00855405	0.0085767	0.00859998	0.00862394	0.00864862	0.00867406	0.00870032	0.00872747	0.00875558	0.00878473	0.008815	0.00884651	0.00887939	0.00891377	0.00894983	0.00898778	0.00902788	0.00907045	0.00911589	0.00916473	0.0092177	0.00927582	0.00934063	0.00941482	0.00950409	
0.0108579	0.00533026	0.00594498	0.00630804	0.00656443	0.00676142	0.00692055	0.00705344	0.00716713	0.00726615	0.00735363	0.00743179	0.0075023	0.0075664	0.00762506	0.00767905	0.007729	0.00777542	0.00781871	0.00785924	0.0078973	0.00793314	0.00796698	0.007999	0.00802937	0.00805823	0.00808571	0.00811191	0.00813694	0.00816088	0.00818381	0.0082058	0.00822692	0.00824722	0.00826676	0.00828559	0.00830374	0.00832126	0.00833829	0.00835555	0.00837315	0.0083911	0.00840944	0.00842817	0.00844731	0.00846689	0.00848692	0.00850743	0.00852844	0.00854999	0.0085721	0.0085948	0.00861814	0.00864215	0.00866688	0.00869238	0.00871871	0.00874592	0.00877409	0.00880331	0.00883365	0.00886524	0.00889818	0.00893265	0.00896879	0.00900683	0.00904702	0.00908969	0.00913523	0.00918419	0.00923728	0.00929553	0.00936051	0.00943487	0.00952438	
0.0108579	0.00534123	0.00595736	0.00632124	0.00657822	0.00677567	0.00693516	0.00706836	0.00718231	0.00728155	0.00736923	0.00744758	0.00751825	0.00758249	0.00764129	0.00769541	0.00774548	0.007792	0.00783539	0.00787602	0.00791416	0.00795008	0.007984	0.0080161	0.00804654	0.00807546	0.008103	0.00812926	0.00815435	0.00817834	0.00820133	0.00822337	0.00824454	0.00826489	0.00828447	0.00830334	0.00832154	0.0083391	0.00835617	0.00837347	0.0083911	0.00840911	0.00842748	0.00844626	0.00846544	0.00848507	0.00850514	0.0085257	0.00854676	0.00856836	0.00859052	0.00861328	0.00863667	0.00866074	0.00868552	0.00871108	0.00873747	0.00876475	0.00879298	0.00882226	0.00885268	0.00888434	0.00891737	0.00895191	0.00898814	0.00902627	0.00906656	0.00910932	0.00915497	0.00920405	0.00925727	0.00931566	0.00938079	0.00945534	0.00954508	
0.0108579	0.00535243	0.00596999	0.00633473	0.0065923	0.00679021	0.00695008	0.00708359	0.0071978	0.00729728	0.00738517	0.0074637	0.00753453	0.00759893	0.00765786	0.00771211	0.00776229	0.00780892	0.00785242	0.00789314	0.00793137	0.00796738	0.00800138	0.00803355	0.00806406	0.00809306	0.00812066	0.00814698	0.00817213	0.00819618	0.00821922	0.00824131	0.00826253	0.00828293	0.00830256	0.00832147	0.00833971	0.00835731	0.00837442	0.00839176	0.00840944	0.00842748	0.00844591	0.00846472	0.00848396	0.00850362	0.00852375	0.00854435	0.00856547	0.00858711	0.00860933	0.00863214	0.00865559	0.00867971	0.00870456	0.00873018	0.00875663	0.00878397	0.00881227	0.00884162	0.00887211	0.00890384	0.00893695	0.00897157	0.00900789	0.00904611	0.0090865	0.00912937	0.00917513	0.00922432	0.00927767	0.00933621	0.0094015	0.00947624	0.00956621	
0.0108579	0.00536387	0.00598289	0.0063485	0.00660669	0.00680507	0.00696531	0.00709915	0.00721363	0.00731335	0.00740144	0.00748016	0.00755117	0.00761571	0.00767479	0.00772916	0.00777947	0.00782621	0.00786981	0.00791063	0.00794896	0.00798505	0.00801913	0.00805138	0.00808196	0.00811103	0.0081387	0.00816508	0.00819029	0.0082144	0.00823749	0.00825964	0.00828091	0.00830135	0.00832103	0.00833999	0.00835827	0.00837591	0.00839307	0.00841045	0.00842817	0.00844626	0.00846472	0.00848359	0.00850287	0.00852258	0.00854275	0.00856341	0.00858457	0.00860627	0.00862854	0.0086514	0.00867491	0.00869909	0.008724	0.00874968	0.00877619	0.0088036	0.00883197	0.0088614	0.00889196	0.00892377	0.00895696	0.00899166	0.00902807	0.00906638	0.00910687	0.00914984	0.00919572	0.00924503	0.00929851	0.00935719	0.00942265	0.00949759	0.0095878	
0.0108579	0.00537556	0.00599608	0.00636257	0.00662139	0.00682025	0.00698089	0.00711505	0.00722981	0.00732977	0.00741808	0.00749699	0.00756816	0.00763287	0.00769209	0.0077466	0.00779702	0.00784388	0.00788759	0.00792851	0.00796693	0.00800311	0.00803727	0.0080696	0.00810026	0.00812939	0.00815713	0.00818358	0.00820885	0.00823301	0.00825616	0.00827837	0.00829969	0.00832019	0.00833991	0.00835892	0.00837724	0.00839493	0.00841213	0.00842955	0.00844731	0.00846544	0.00848396	0.00850287	0.00852219	0.00854196	0.00856218	0.00858288	0.0086041	0.00862585	0.00864817	0.0086711	0.00869466	0.0087189	0.00874387	0.00876961	0.00879619	0.00882367	0.00885211	0.00888161	0.00891224	0.00894413	0.0089774	0.0090122	0.00904869	0.0090871	0.00912769	0.00917077	0.00921676	0.0092662	0.00931981	0.00937865	0.00944427	0.0095194	0.00960987	
0.0108579	0.00538751	0.00600956	0.00637696	0.00663642	0.00683578	0.00699681	0.0071313	0.00724635	0.00734656	0.00743509	0.0075142	0.00758555	0.00765041	0.00770978	0.00776442	0.00781498	0.00786195	0.00790577	0.00794679	0.0079853	0.00802157	0.00805582	0.00808823	0.00811896	0.00814817	0.00817598	0.0082025	0.00822783	0.00825205	0.00827526	0.00829752	0.00831889	0.00833944	0.00835922	0.00837827	0.00839664	0.00841437	0.00843161	0.00844908	0.00846689	0.00848507	0.00850362	0.00852258	0.00854196	0.00856177	0.00858204	0.0086028	0.00862407	0.00864587	0.00866825	0.00869123	0.00871485	0.00873916	0.00876419	0.00879	0.00881664	0.00884419	0.0088727	0.00890227	0.00893299	0.00896496	0.00899831	0.00903319	0.00906978	0.00910829	0.00914898	0.00919217	0.00923828	0.00928784	0.0093416	0.00940058	0.00946638	0.00954172	0.00963244	
0.0108579	0.00539973	0.00602336	0.00639169	0.0066518	0.00685166	0.0070131	0.00714794	0.00726328	0.00736374	0.00745249	0.0075318	0.00760333	0.00766837	0.00772788	0.00778266	0.00783335	0.00788044	0.00792437	0.00796549	0.0080041	0.00804047	0.0080748	0.00810729	0.00813811	0.00816739	0.00819527	0.00822185	0.00824725	0.00827154	0.0082948	0.00831712	0.00833855	0.00835915	0.00837897	0.00839807	0.00841649	0.00843427	0.00845156	0.00846906	0.00848692	0.00850514	0.00852375	0.00854275	0.00856218	0.00858204	0.00860237	0.00862318	0.0086445	0.00866636	0.0086888	0.00871184	0.00873552	0.00875989	0.00878498	0.00881086	0.00883757	0.00886519	0.00889378	0.00892342	0.00895422	0.00898627	0.00901971	0.00905468	0.00909136	0.00912997	0.00917076	0.00921407	0.0092603	0.00930999	0.00936389	0.00942303	0.00948901	0.00956455	0.00965553	
0.0108579	0.00541225	0.00603748	0.00640676	0.00666755	0.00686793	0.00702979	0.00716497	0.00728061	0.00738133	0.00747031	0.00754983	0.00762154	0.00768674	0.00774641	0.00780134	0.00785215	0.00789937	0.00794341	0.00798464	0.00802336	0.00805981	0.00809424	0.00812681	0.00815771	0.00818707	0.00821502	0.00824167	0.00826713	0.00829148	0.00831481	0.00833718	0.00835867	0.00837932	0.0083992	0.00841835	0.00843682	0.00845464	0.00847197	0.00848953	0.00850743	0.0085257	0.00854435	0.00856341	0.00858288	0.0086028	0.00862318	0.00864404	0.00866542	0.00868734	0.00870984	0.00873294	0.00875668	0.00878111	0.00880627	0.00883222	0.008859	0.00888669	0.00891535	0.00894507	0.00897595	0.00900809	0.00904161	0.00907668	0.00911346	0.00915217	0.00919307	0.00923649	0.00928284	0.00933267	0.00938672	0.00944602	0.00951218	0.00958793	0.00967918	
0.0108579	0.00542507	0.00605195	0.0064222	0.00668368	0.00688459	0.00704688	0.00718242	0.00729836	0.00739935	0.00748857	0.00756829	0.0076402	0.00770558	0.0077654	0.00782047	0.00787142	0.00791876	0.00796292	0.00800426	0.00804308	0.00807964	0.00811415	0.00814681	0.00817779	0.00820722	0.00823525	0.00826198	0.0082875	0.00831192	0.00833531	0.00835774	0.00837929	0.0084	0.00841993	0.00843913	0.00845764	0.00847551	0.00849289	0.00851049	0.00852844	0.00854676	0.00856547	0.00858457	0.0086041	0.00862407	0.0086445	0.00866542	0.00868686	0.00870884	0.00873139	0.00875455	0.00877836	0.00880286	0.00882808	0.0088541	0.00888095	0.00890872	0.00893746	0.00896726	0.00899822	0.00903044	0.00906406	0.00909922	0.0091361	0.00917492	0.00921593	0.00925947	0.00930595	0.00935591	0.0094101	0.00946957	0.00953591	0.00961188	0.00970341	
