0.000271922	0.000271922	0.000271922	0.000271922	0.000271922	0.000271922	0.000271922	0.000271922	0.000271922	0.000271922	0.000271922	0.000271922	0.000271922	0.000271922	0.000271922	0.000271922	0.000271922	0.000271922	0.000271922	0.000271922	0.000271922	0.000271922	0.000271922	0.000271922	0.000271922	0.000271922	0.000271922	0.000271922	0.000271922	0.000271922	0.000271922	0.000271922	0.000271922	0.000271922	0.000271922	0.000271922	0.000271922	0.000271922	0.000271922	0.000271922	0.000271922	0.000271922	0.000271922	0.000271922	0.000271922	0.000271922	0.000271922	0.000271922	0.000271922	0.000271922	0.000271922	0.000271922	0.000271922	0.000271922	0.000271922	0.000271922	0.000271922	0.000271922	0.000271922	0.000271922	0.000271922	0.000271922	0.000271922	0.000271922	0.000271922	0.000271922	0.000271922	0.000271922	0.000271922	0.000271922	0.000271922	0.000271922	0.000271922	0.000271922	0.000271922	0.000271922	0.000271922	0.000271922	0.000271922	0.000271922	0.000271922	0.000271922	0.000271922	0.000271922	0.000271922	0.000271922	0.000271922	0.000271922	0.000271922	0.000271922	0.000271922	0.000271922	0.000271922	0.000271922	0.000271922	0.000271922	0.000271922	0.000271922	0.000271922	0.000271922	0.000271922	0.000271922	0.000271922	0.000271922	0.000271922	0.000271922	0.000271922	0.000271922	0.000271922	0.000271922	0.000271922	0.000271922	0.000271922	0.000271922	0.000271922	0.000271922	0.000271922	0.000271922	0.000271922	0.000271922	0.000271922	0.000271922	0.000271922	0.000271922	0.000271922	0.000271922	0.000271922	0.000271922	0.000271922	0.000271922	0.000271922	0.000271922	0.000271922	0.000271922	0.000271922	0.000271922	0.000271922	0.000271922	0.000271922	0.000271922	0.000271922	0.000271922	0.000271922	0.000271922	0.000271922	0.000271922	0.000271922	0.000271922	0.000271922	0.000271922	0.000271922	
0.000271922	0.000156084	0.000164164	0.000168586	0.000172376	0.000175679	0.000178575	0.000181138	0.000183428	0.00018549	0.000187363	0.000189075	0.000190649	0.000192105	0.000193457	0.000194718	0.000195899	0.000197009	0.000198054	0.000199043	0.00019998	0.00020087	0.000201717	0.000202526	0.000203299	0.00020404	0.00020475	0.000205433	0.000206089	0.000206722	0.000207332	0.000207921	0.00020849	0.000209041	0.000209574	0.000210091	0.000210593	0.000211079	0.000211552	0.000212012	0.000212459	0.000212894	0.000213318	0.00021373	0.000214133	0.000214525	0.000214907	0.000215281	0.000215645	0.000216001	0.000216349	0.000216689	0.000217022	0.000217347	0.000217665	0.000217976	0.00021828	0.000218578	0.00021887	0.000219156	0.000219436	0.00021971	0.000219979	0.000220243	0.000220501	0.000220754	0.000221003	0.000221246	0.000221485	0.00022172	0.00022195	0.000222175	0.000222397	0.000222614	0.000222828	0.000223037	0.000223243	0.000223451	0.00022366	0.00022387	0.000224083	0.000224297	0.000224512	0.00022473	0.000224949	0.00022517	0.000225392	0.000225616	0.000225841	0.000226068	0.000226297	0.000226527	0.000226759	0.000226992	0.000227226	0.000227462	0.000227698	0.000227936	0.000228175	0.000228415	0.000228656	0.000228898	0.00022914	0.000229382	0.000229625	0.000229868	0.000230111	0.000230354	0.000230596	0.000230837	0.000231078	0.000231317	0.000231554	0.00023179	0.000232023	0.000232253	0.000232481	0.000232704	0.000232923	0.000233137	0.000233346	0.000233549	0.000233745	0.000233933	0.000234112	0.000234282	0.000234441	0.000234588	0.000234721	0.00023484	0.000234942	0.000235026	0.000235089	0.000235128	0.00023514	0.000235122	0.000235068	0.000234974	0.000234831	0.000234631	0.000234362	0.000234008	0.000233548	0.000232954	0.000232187	0.000231191	0.00022988	0.000228112	0.000225634	0.000221958	0.000215691	
0.000271922	0.000164164	0.000169361	0.000171763	0.000174159	0.000176414	0.000178474	0.000180342	0.000182039	0.000183586	0.000185003	0.000186308	0.000187515	0.000188636	0.000189682	0.000190661	0.00019158	0.000192446	0.000193265	0.00019404	0.000194776	0.000195477	0.000196146	0.000196785	0.000197398	0.000197985	0.00019855	0.000199093	0.000199616	0.000200122	0.00020061	0.000201081	0.000201538	0.000201981	0.00020241	0.000202827	0.000203232	0.000203625	0.000204008	0.000204381	0.000204743	0.000205097	0.000205441	0.000205777	0.000206105	0.000206426	0.000206738	0.000207044	0.000207342	0.000207634	0.000207919	0.000208199	0.000208472	0.000208739	0.000209001	0.000209257	0.000209508	0.000209754	0.000209995	0.000210231	0.000210463	0.00021069	0.000210912	0.000211131	0.000211345	0.000211554	0.00021176	0.000211962	0.000212161	0.000212355	0.000212546	0.000212733	0.000212917	0.000213097	0.000213275	0.000213448	0.00021362	0.000213792	0.000213965	0.00021414	0.000214316	0.000214494	0.000214672	0.000214853	0.000215034	0.000215217	0.0002154	0.000215585	0.000215772	0.000215959	0.000216147	0.000216337	0.000216527	0.000216718	0.00021691	0.000217102	0.000217295	0.000217489	0.000217682	0.000217877	0.000218071	0.000218265	0.000218458	0.000218651	0.000218844	0.000219035	0.000219226	0.000219415	0.000219602	0.000219787	0.00021997	0.00022015	0.000220326	0.000220499	0.000220668	0.000220833	0.000220992	0.000221145	0.000221292	0.000221431	0.000221563	0.000221686	0.0002218	0.000221903	0.000221994	0.000222072	0.000222136	0.000222185	0.000222217	0.00022223	0.000222222	0.000222191	0.000222135	0.000222051	0.000221934	0.000221781	0.000221588	0.000221348	0.000221053	0.000220695	0.000220261	0.000219736	0.000219099	0.000218323	0.000217368	0.000216181	0.000214681	0.000212743	0.000210157	0.000206564	0.000201098	
0.000271922	0.000168586	0.000171763	0.000172722	0.00017411	0.000175598	0.000177042	0.000178395	0.000179649	0.00018081	0.000181883	0.00018288	0.000183808	0.000184674	0.000185485	0.000186247	0.000186966	0.000187644	0.000188286	0.000188896	0.000189477	0.000190031	0.00019056	0.000191067	0.000191554	0.000192022	0.000192472	0.000192906	0.000193324	0.000193729	0.000194121	0.000194501	0.000194869	0.000195226	0.000195573	0.00019591	0.000196238	0.000196558	0.000196869	0.000197172	0.000197468	0.000197756	0.000198038	0.000198313	0.000198582	0.000198844	0.000199101	0.000199353	0.000199598	0.000199839	0.000200075	0.000200305	0.000200531	0.000200752	0.000200969	0.000201182	0.00020139	0.000201594	0.000201795	0.000201991	0.000202184	0.000202373	0.000202558	0.00020274	0.000202919	0.000203094	0.000203266	0.000203435	0.0002036	0.000203763	0.000203922	0.000204079	0.000204233	0.000204384	0.000204532	0.000204677	0.000204821	0.000204965	0.00020511	0.000205256	0.000205403	0.000205552	0.000205701	0.000205851	0.000206003	0.000206155	0.000206308	0.000206463	0.000206617	0.000206773	0.000206929	0.000207086	0.000207244	0.000207402	0.00020756	0.000207718	0.000207877	0.000208035	0.000208193	0.000208351	0.000208508	0.000208665	0.000208821	0.000208975	0.000209128	0.000209279	0.000209428	0.000209575	0.00020972	0.000209861	0.000209999	0.000210133	0.000210262	0.000210387	0.000210507	0.00021062	0.000210727	0.000210826	0.000210918	0.000211	0.000211073	0.000211136	0.000211187	0.000211225	0.00021125	0.000211259	0.000211252	0.000211228	0.000211184	0.000211118	0.000211029	0.000210914	0.000210771	0.000210596	0.000210386	0.000210137	0.000209844	0.000209502	0.000209102	0.000208636	0.000208092	0.000207455	0.000206707	0.000205819	0.000204757	0.000203471	0.000201889	0.000199906	0.000197362	0.000194031	0.000189575	
0.000271922	0.000172376	0.000174159	0.00017411	0.000174793	0.000175749	0.000176765	0.00017776	0.000178709	0.000179601	0.000180437	0.000181221	0.000181956	0.000182646	0.000183296	0.000183909	0.000184488	0.000185037	0.000185559	0.000186055	0.000186529	0.000186981	0.000187415	0.000187831	0.000188231	0.000188617	0.000188988	0.000189347	0.000189694	0.00019003	0.000190356	0.000190672	0.000190979	0.000191278	0.000191568	0.000191851	0.000192127	0.000192396	0.000192658	0.000192913	0.000193163	0.000193407	0.000193646	0.000193879	0.000194108	0.000194331	0.00019455	0.000194764	0.000194974	0.000195179	0.000195381	0.000195578	0.000195772	0.000195962	0.000196148	0.000196331	0.00019651	0.000196686	0.000196858	0.000197028	0.000197194	0.000197357	0.000197517	0.000197674	0.000197829	0.00019798	0.000198129	0.000198275	0.000198418	0.000198559	0.000198698	0.000198833	0.000198967	0.000199097	0.000199226	0.000199352	0.000199476	0.000199601	0.000199727	0.000199854	0.000199981	0.00020011	0.000200239	0.000200369	0.0002005	0.000200632	0.000200764	0.000200898	0.000201031	0.000201165	0.0002013	0.000201435	0.00020157	0.000201705	0.00020184	0.000201975	0.00020211	0.000202245	0.000202378	0.000202512	0.000202644	0.000202775	0.000202904	0.000203032	0.000203158	0.000203281	0.000203402	0.00020352	0.000203635	0.000203746	0.000203853	0.000203955	0.000204052	0.000204143	0.000204228	0.000204305	0.000204376	0.000204437	0.00020449	0.000204532	0.000204564	0.000204583	0.00020459	0.000204582	0.000204559	0.00020452	0.000204462	0.000204384	0.000204285	0.000204162	0.000204014	0.000203838	0.000203631	0.00020339	0.000203112	0.000202792	0.000202425	0.000202006	0.000201528	0.000200981	0.000200354	0.000199633	0.000198799	0.000197827	0.000196683	0.00019532	0.000193674	0.000191656	0.000189145	0.000186024	0.00018238	
0.000271922	0.000175679	0.000176414	0.000175598	0.000175749	0.000176302	0.000176995	0.000177722	0.000178439	0.000179131	0.000179789	0.000180413	0.000181003	0.000181562	0.00018209	0.000182592	0.000183067	0.00018352	0.000183951	0.000184363	0.000184757	0.000185134	0.000185497	0.000185845	0.000186181	0.000186505	0.000186818	0.000187122	0.000187415	0.0001877	0.000187977	0.000188246	0.000188508	0.000188763	0.000189012	0.000189254	0.000189491	0.000189722	0.000189948	0.000190169	0.000190385	0.000190596	0.000190803	0.000191005	0.000191203	0.000191398	0.000191588	0.000191775	0.000191958	0.000192138	0.000192314	0.000192487	0.000192657	0.000192823	0.000192987	0.000193147	0.000193305	0.00019346	0.000193612	0.000193761	0.000193908	0.000194052	0.000194194	0.000194333	0.000194469	0.000194603	0.000194735	0.000194865	0.000194992	0.000195116	0.000195239	0.000195359	0.000195478	0.000195594	0.000195708	0.00019582	0.00019593	0.000196041	0.000196152	0.000196265	0.000196378	0.000196492	0.000196607	0.000196722	0.000196838	0.000196955	0.000197072	0.000197189	0.000197307	0.000197426	0.000197544	0.000197663	0.000197782	0.0001979	0.000198019	0.000198137	0.000198254	0.000198371	0.000198487	0.000198602	0.000198715	0.000198827	0.000198938	0.000199046	0.000199152	0.000199255	0.000199355	0.000199452	0.000199544	0.000199633	0.000199717	0.000199795	0.000199868	0.000199934	0.000199993	0.000200044	0.000200087	0.00020012	0.000200143	0.000200155	0.000200156	0.000200143	0.000200116	0.000200073	0.000200014	0.000199937	0.00019984	0.000199722	0.000199581	0.000199414	0.000199221	0.000198997	0.000198741	0.000198449	0.000198117	0.000197741	0.000197317	0.000196838	0.000196298	0.000195687	0.000194995	0.000194207	0.000193306	0.000192267	0.000191057	0.000189633	0.000187936	0.000185892	0.000183411	0.000180468	0.000177509	
0.000271922	0.000178575	0.000178474	0.000177042	0.000176765	0.000176995	0.000177429	0.000177941	0.000178475	0.000179005	0.000179521	0.000180018	0.000180493	0.000180947	0.000181379	0.000181792	0.000182185	0.000182561	0.000182921	0.000183265	0.000183596	0.000183914	0.00018422	0.000184515	0.0001848	0.000185075	0.000185343	0.000185602	0.000185853	0.000186098	0.000186336	0.000186568	0.000186794	0.000187015	0.000187231	0.000187441	0.000187647	0.000187848	0.000188046	0.000188239	0.000188428	0.000188613	0.000188795	0.000188973	0.000189147	0.000189319	0.000189487	0.000189652	0.000189814	0.000189974	0.00019013	0.000190284	0.000190435	0.000190583	0.000190729	0.000190872	0.000191013	0.000191151	0.000191287	0.000191421	0.000191552	0.000191681	0.000191808	0.000191933	0.000192055	0.000192176	0.000192294	0.00019241	0.000192525	0.000192637	0.000192747	0.000192856	0.000192962	0.000193067	0.000193169	0.00019327	0.000193369	0.000193469	0.00019357	0.000193671	0.000193773	0.000193875	0.000193979	0.000194082	0.000194187	0.000194291	0.000194397	0.000194502	0.000194608	0.000194714	0.00019482	0.000194926	0.000195032	0.000195138	0.000195243	0.000195348	0.000195452	0.000195555	0.000195657	0.000195757	0.000195856	0.000195954	0.000196049	0.000196142	0.000196232	0.000196319	0.000196403	0.000196483	0.000196558	0.000196629	0.000196695	0.000196755	0.000196808	0.000196854	0.000196893	0.000196923	0.000196944	0.000196955	0.000196955	0.000196943	0.000196919	0.00019688	0.000196826	0.000196756	0.000196668	0.00019656	0.000196432	0.000196281	0.000196106	0.000195905	0.000195674	0.000195412	0.000195116	0.000194782	0.000194406	0.000193986	0.000193514	0.000192987	0.000192395	0.000191732	0.000190987	0.000190144	0.000189188	0.000188094	0.000186831	0.000185357	0.00018362	0.000181557	0.000179107	0.000176322	0.000173972	
0.000271922	0.000181138	0.000180342	0.000178395	0.00017776	0.000177722	0.000177941	0.000178274	0.000178654	0.000179051	0.000179449	0.00017984	0.00018022	0.000180587	0.00018094	0.000181279	0.000181604	0.000181917	0.000182217	0.000182506	0.000182784	0.000183053	0.000183312	0.000183563	0.000183806	0.000184042	0.000184271	0.000184494	0.000184711	0.000184922	0.000185128	0.00018533	0.000185526	0.000185719	0.000185907	0.000186091	0.000186272	0.000186449	0.000186622	0.000186793	0.00018696	0.000187124	0.000187284	0.000187443	0.000187598	0.00018775	0.0001879	0.000188048	0.000188193	0.000188335	0.000188475	0.000188613	0.000188748	0.000188882	0.000189013	0.000189142	0.000189268	0.000189393	0.000189516	0.000189637	0.000189755	0.000189872	0.000189987	0.0001901	0.000190211	0.000190321	0.000190428	0.000190534	0.000190637	0.000190739	0.00019084	0.000190938	0.000191035	0.00019113	0.000191223	0.000191315	0.000191406	0.000191496	0.000191588	0.00019168	0.000191773	0.000191866	0.00019196	0.000192054	0.000192149	0.000192244	0.000192339	0.000192435	0.000192531	0.000192627	0.000192723	0.000192819	0.000192914	0.000193009	0.000193104	0.000193198	0.000193291	0.000193383	0.000193473	0.000193562	0.00019365	0.000193735	0.000193818	0.000193899	0.000193976	0.00019405	0.00019412	0.000194187	0.000194248	0.000194305	0.000194355	0.0001944	0.000194438	0.000194468	0.00019449	0.000194503	0.000194506	0.000194498	0.000194479	0.000194448	0.000194402	0.000194342	0.000194266	0.000194173	0.000194061	0.000193929	0.000193774	0.000193597	0.000193393	0.000193162	0.000192901	0.000192607	0.000192277	0.000191908	0.000191496	0.000191038	0.000190527	0.000189958	0.000189324	0.000188617	0.000187826	0.000186938	0.000185936	0.000184796	0.000183489	0.000181974	0.000180206	0.000178131	0.000175712	0.000173076	0.000171281	
0.000271922	0.000183428	0.000182039	0.000179649	0.000178709	0.000178439	0.000178475	0.000178654	0.000178904	0.000179187	0.000179484	0.000179785	0.000180084	0.000180376	0.000180661	0.000180938	0.000181205	0.000181464	0.000181714	0.000181956	0.00018219	0.000182416	0.000182636	0.000182849	0.000183057	0.000183259	0.000183456	0.000183647	0.000183835	0.000184018	0.000184197	0.000184373	0.000184544	0.000184713	0.000184878	0.00018504	0.000185199	0.000185356	0.000185509	0.00018566	0.000185808	0.000185954	0.000186098	0.000186239	0.000186377	0.000186514	0.000186648	0.000186781	0.000186911	0.000187039	0.000187166	0.00018729	0.000187412	0.000187533	0.000187652	0.000187768	0.000187884	0.000187997	0.000188108	0.000188218	0.000188326	0.000188433	0.000188538	0.000188641	0.000188742	0.000188842	0.00018894	0.000189037	0.000189132	0.000189225	0.000189317	0.000189407	0.000189496	0.000189583	0.000189669	0.000189753	0.000189836	0.000189919	0.000190003	0.000190087	0.000190172	0.000190258	0.000190344	0.00019043	0.000190517	0.000190604	0.000190691	0.000190779	0.000190866	0.000190954	0.000191041	0.000191129	0.000191215	0.000191302	0.000191387	0.000191472	0.000191556	0.000191638	0.00019172	0.000191799	0.000191877	0.000191952	0.000192025	0.000192095	0.000192162	0.000192225	0.000192284	0.000192339	0.000192389	0.000192433	0.000192471	0.000192503	0.000192528	0.000192544	0.000192552	0.000192551	0.000192539	0.000192516	0.000192481	0.000192433	0.00019237	0.000192292	0.000192197	0.000192084	0.000191952	0.000191798	0.000191622	0.000191421	0.000191194	0.000190938	0.00019065	0.000190329	0.000189971	0.000189572	0.000189129	0.000188638	0.000188093	0.000187489	0.000186819	0.000186075	0.000185246	0.000184319	0.000183278	0.000182099	0.000180755	0.000179207	0.000177414	0.000175332	0.000172948	0.000170453	0.000169176	
0.000271922	0.00018549	0.000183586	0.00018081	0.000179601	0.000179131	0.000179005	0.000179051	0.000179187	0.000179371	0.000179581	0.000179803	0.000180031	0.000180259	0.000180485	0.000180707	0.000180924	0.000181136	0.000181343	0.000181544	0.000181739	0.00018193	0.000182115	0.000182296	0.000182473	0.000182645	0.000182814	0.000182979	0.000183141	0.0001833	0.000183456	0.000183609	0.000183759	0.000183907	0.000184052	0.000184195	0.000184336	0.000184474	0.00018461	0.000184744	0.000184877	0.000185007	0.000185135	0.000185261	0.000185386	0.000185509	0.00018563	0.000185749	0.000185867	0.000185983	0.000186097	0.00018621	0.000186321	0.000186431	0.000186539	0.000186645	0.00018675	0.000186854	0.000186956	0.000187056	0.000187155	0.000187253	0.000187349	0.000187443	0.000187537	0.000187628	0.000187718	0.000187807	0.000187895	0.000187981	0.000188065	0.000188148	0.00018823	0.000188311	0.000188389	0.000188467	0.000188543	0.00018862	0.000188697	0.000188775	0.000188854	0.000188933	0.000189012	0.000189092	0.000189172	0.000189252	0.000189332	0.000189413	0.000189493	0.000189574	0.000189654	0.000189734	0.000189813	0.000189892	0.00018997	0.000190047	0.000190123	0.000190198	0.000190271	0.000190342	0.000190411	0.000190478	0.000190542	0.000190603	0.000190661	0.000190715	0.000190765	0.00019081	0.00019085	0.000190884	0.000190912	0.000190933	0.000190946	0.000190951	0.000190947	0.000190934	0.000190909	0.000190873	0.000190824	0.000190761	0.000190684	0.00019059	0.00019048	0.00019035	0.0001902	0.000190029	0.000189833	0.000189613	0.000189365	0.000189087	0.000188777	0.000188432	0.000188049	0.000187625	0.000187155	0.000186636	0.000186062	0.000185428	0.000184726	0.00018395	0.000183088	0.000182128	0.000181053	0.000179842	0.000178466	0.000176892	0.00017508	0.000172995	0.000170648	0.000168288	0.000167501	
0.000271922	0.000187363	0.000185003	0.000181883	0.000180437	0.000179789	0.000179521	0.000179449	0.000179484	0.000179581	0.000179713	0.000179866	0.000180031	0.000180202	0.000180377	0.000180551	0.000180724	0.000180895	0.000181063	0.000181228	0.00018139	0.000181548	0.000181704	0.000181856	0.000182006	0.000182153	0.000182297	0.000182439	0.000182578	0.000182716	0.000182851	0.000182984	0.000183116	0.000183245	0.000183373	0.000183499	0.000183623	0.000183746	0.000183867	0.000183987	0.000184105	0.000184221	0.000184336	0.00018445	0.000184562	0.000184673	0.000184782	0.00018489	0.000184997	0.000185102	0.000185206	0.000185309	0.00018541	0.00018551	0.000185609	0.000185706	0.000185802	0.000185897	0.000185991	0.000186083	0.000186174	0.000186264	0.000186352	0.000186439	0.000186525	0.00018661	0.000186693	0.000186775	0.000186856	0.000186936	0.000187014	0.000187091	0.000187167	0.000187241	0.000187314	0.000187386	0.000187457	0.000187528	0.0001876	0.000187672	0.000187745	0.000187818	0.000187891	0.000187965	0.000188039	0.000188114	0.000188188	0.000188263	0.000188337	0.000188411	0.000188485	0.000188559	0.000188632	0.000188704	0.000188776	0.000188846	0.000188915	0.000188983	0.000189049	0.000189114	0.000189176	0.000189235	0.000189292	0.000189345	0.000189395	0.000189442	0.000189483	0.00018952	0.000189551	0.000189577	0.000189595	0.000189607	0.000189611	0.000189606	0.000189592	0.000189567	0.000189532	0.000189484	0.000189423	0.000189348	0.000189258	0.000189151	0.000189027	0.000188883	0.000188718	0.00018853	0.000188319	0.000188081	0.000187815	0.000187518	0.000187189	0.000186823	0.000186419	0.000185972	0.000185479	0.000184935	0.000184336	0.000183675	0.000182947	0.000182142	0.000181252	0.000180263	0.00017916	0.000177921	0.00017652	0.000174924	0.000173097	0.000171015	0.000168706	0.000166477	0.000166156	
0.000271922	0.000189075	0.000186308	0.00018288	0.000181221	0.000180413	0.000180018	0.00017984	0.000179785	0.000179803	0.000179866	0.000179957	0.000180067	0.000180187	0.000180315	0.000180447	0.000180581	0.000180715	0.000180849	0.000180982	0.000181114	0.000181244	0.000181373	0.0001815	0.000181625	0.00018175	0.000181872	0.000181993	0.000182113	0.000182231	0.000182349	0.000182464	0.000182579	0.000182693	0.000182805	0.000182916	0.000183026	0.000183135	0.000183242	0.000183349	0.000183454	0.000183559	0.000183662	0.000183764	0.000183865	0.000183965	0.000184064	0.000184162	0.000184259	0.000184355	0.00018445	0.000184543	0.000184636	0.000184727	0.000184818	0.000184907	0.000184996	0.000185083	0.000185169	0.000185254	0.000185338	0.000185421	0.000185503	0.000185584	0.000185663	0.000185742	0.000185819	0.000185895	0.00018597	0.000186044	0.000186117	0.000186188	0.000186259	0.000186328	0.000186396	0.000186463	0.000186529	0.000186595	0.000186662	0.000186729	0.000186797	0.000186865	0.000186933	0.000187002	0.000187071	0.00018714	0.000187209	0.000187278	0.000187348	0.000187416	0.000187485	0.000187553	0.000187621	0.000187687	0.000187753	0.000187818	0.000187881	0.000187943	0.000188003	0.000188062	0.000188117	0.000188171	0.000188221	0.000188268	0.000188311	0.00018835	0.000188385	0.000188414	0.000188438	0.000188456	0.000188467	0.000188471	0.000188466	0.000188453	0.000188429	0.000188396	0.000188351	0.000188293	0.000188222	0.000188136	0.000188035	0.000187917	0.00018778	0.000187623	0.000187445	0.000187244	0.000187018	0.000186765	0.000186483	0.00018617	0.000185823	0.00018544	0.000185017	0.00018455	0.000184037	0.000183472	0.00018285	0.000182166	0.000181414	0.000180585	0.00017967	0.000178656	0.000177529	0.000176267	0.000174844	0.00017323	0.000171393	0.000169316	0.000167047	0.000164947	0.000165071	
0.000271922	0.000190649	0.000187515	0.000183808	0.000181956	0.000181003	0.000180493	0.00018022	0.000180084	0.000180031	0.000180031	0.000180067	0.000180126	0.000180201	0.000180287	0.000180381	0.000180479	0.000180581	0.000180684	0.000180788	0.000180893	0.000180998	0.000181103	0.000181207	0.000181311	0.000181415	0.000181518	0.00018162	0.000181722	0.000181824	0.000181925	0.000182025	0.000182125	0.000182224	0.000182322	0.00018242	0.000182517	0.000182613	0.000182709	0.000182804	0.000182898	0.000182992	0.000183085	0.000183177	0.000183268	0.000183358	0.000183448	0.000183537	0.000183625	0.000183713	0.000183799	0.000183885	0.00018397	0.000184054	0.000184137	0.000184219	0.0001843	0.000184381	0.00018446	0.000184539	0.000184617	0.000184694	0.000184769	0.000184844	0.000184918	0.000184991	0.000185063	0.000185134	0.000185204	0.000185273	0.00018534	0.000185407	0.000185473	0.000185538	0.000185601	0.000185664	0.000185725	0.000185787	0.00018585	0.000185913	0.000185976	0.00018604	0.000186104	0.000186168	0.000186232	0.000186297	0.000186361	0.000186426	0.00018649	0.000186555	0.000186618	0.000186682	0.000186744	0.000186806	0.000186867	0.000186927	0.000186985	0.000187042	0.000187097	0.00018715	0.0001872	0.000187248	0.000187292	0.000187334	0.000187371	0.000187404	0.000187433	0.000187456	0.000187473	0.000187484	0.000187489	0.000187485	0.000187473	0.000187452	0.000187421	0.000187379	0.000187326	0.00018726	0.00018718	0.000187085	0.000186973	0.000186845	0.000186697	0.00018653	0.00018634	0.000186127	0.000185888	0.000185622	0.000185326	0.000184999	0.000184637	0.000184238	0.000183798	0.000183314	0.000182782	0.000182198	0.000181557	0.000180853	0.00018008	0.00017923	0.000178293	0.000177258	0.000176109	0.000174827	0.000173387	0.000171758	0.000169915	0.000167847	0.000165619	0.000163643	0.000164196	
0.000271922	0.000192105	0.000188636	0.000184674	0.000182646	0.000181562	0.000180947	0.000180587	0.000180376	0.000180259	0.000180202	0.000180187	0.000180201	0.000180235	0.000180284	0.000180342	0.000180409	0.00018048	0.000180556	0.000180634	0.000180715	0.000180797	0.00018088	0.000180964	0.000181048	0.000181134	0.000181219	0.000181305	0.000181391	0.000181477	0.000181563	0.000181649	0.000181736	0.000181822	0.000181907	0.000181993	0.000182079	0.000182164	0.000182249	0.000182333	0.000182417	0.000182501	0.000182585	0.000182667	0.00018275	0.000182832	0.000182913	0.000182994	0.000183074	0.000183154	0.000183233	0.000183312	0.000183389	0.000183467	0.000183543	0.000183619	0.000183694	0.000183769	0.000183842	0.000183915	0.000183987	0.000184059	0.000184129	0.000184199	0.000184268	0.000184336	0.000184403	0.000184469	0.000184534	0.000184599	0.000184662	0.000184725	0.000184786	0.000184847	0.000184906	0.000184965	0.000185023	0.000185081	0.000185139	0.000185198	0.000185258	0.000185317	0.000185377	0.000185438	0.000185498	0.000185559	0.000185619	0.00018568	0.00018574	0.0001858	0.00018586	0.000185919	0.000185977	0.000186035	0.000186091	0.000186146	0.0001862	0.000186252	0.000186303	0.000186351	0.000186397	0.000186439	0.000186479	0.000186515	0.000186548	0.000186575	0.000186599	0.000186616	0.000186628	0.000186633	0.000186631	0.000186622	0.000186603	0.000186576	0.000186538	0.000186489	0.000186428	0.000186354	0.000186266	0.000186163	0.000186043	0.000185906	0.000185749	0.000185571	0.000185371	0.000185147	0.000184898	0.00018462	0.000184312	0.000183972	0.000183596	0.000183183	0.000182728	0.000182229	0.000181681	0.000181081	0.000180423	0.000179701	0.000178909	0.00017804	0.000177085	0.000176031	0.000174864	0.000173565	0.000172109	0.00017047	0.000168623	0.000166565	0.00016438	0.000162526	0.000163491	
0.000271922	0.000193457	0.000189682	0.000185485	0.000183296	0.00018209	0.000181379	0.00018094	0.000180661	0.000180485	0.000180377	0.000180315	0.000180287	0.000180284	0.000180298	0.000180325	0.000180362	0.000180406	0.000180457	0.000180511	0.00018057	0.000180631	0.000180694	0.00018076	0.000180826	0.000180895	0.000180964	0.000181035	0.000181106	0.000181179	0.000181251	0.000181325	0.000181399	0.000181473	0.000181548	0.000181622	0.000181697	0.000181772	0.000181847	0.000181922	0.000181997	0.000182072	0.000182147	0.000182222	0.000182296	0.00018237	0.000182444	0.000182518	0.000182591	0.000182664	0.000182736	0.000182808	0.00018288	0.000182951	0.000183021	0.000183091	0.000183161	0.00018323	0.000183298	0.000183366	0.000183433	0.000183499	0.000183565	0.00018363	0.000183694	0.000183758	0.00018382	0.000183882	0.000183944	0.000184004	0.000184063	0.000184122	0.00018418	0.000184237	0.000184293	0.000184348	0.000184402	0.000184457	0.000184512	0.000184568	0.000184623	0.00018468	0.000184736	0.000184793	0.00018485	0.000184907	0.000184964	0.00018502	0.000185077	0.000185133	0.000185189	0.000185245	0.000185299	0.000185353	0.000185406	0.000185457	0.000185507	0.000185555	0.000185601	0.000185645	0.000185687	0.000185725	0.000185761	0.000185792	0.00018582	0.000185843	0.000185862	0.000185874	0.000185881	0.000185881	0.000185874	0.000185859	0.000185835	0.000185802	0.000185758	0.000185703	0.000185635	0.000185555	0.00018546	0.000185349	0.000185221	0.000185076	0.000184911	0.000184724	0.000184515	0.000184282	0.000184022	0.000183734	0.000183415	0.000183064	0.000182676	0.00018225	0.000181783	0.00018127	0.000180708	0.000180093	0.000179419	0.000178681	0.000177874	0.000176988	0.000176016	0.000174946	0.000173763	0.000172449	0.000170982	0.000169334	0.000167485	0.000165441	0.000163298	0.000161562	0.000162925	
0.000271922	0.000194718	0.000190661	0.000186247	0.000183909	0.000182592	0.000181792	0.000181279	0.000180938	0.000180707	0.000180551	0.000180447	0.000180381	0.000180342	0.000180325	0.000180323	0.000180333	0.000180353	0.00018038	0.000180413	0.000180451	0.000180493	0.000180538	0.000180587	0.000180637	0.00018069	0.000180745	0.000180802	0.00018086	0.00018092	0.00018098	0.000181042	0.000181105	0.000181168	0.000181232	0.000181297	0.000181362	0.000181428	0.000181494	0.000181561	0.000181627	0.000181694	0.000181761	0.000181828	0.000181895	0.000181962	0.000182029	0.000182096	0.000182163	0.00018223	0.000182296	0.000182362	0.000182428	0.000182493	0.000182558	0.000182623	0.000182688	0.000182751	0.000182815	0.000182878	0.00018294	0.000183002	0.000183064	0.000183124	0.000183185	0.000183244	0.000183303	0.000183361	0.000183419	0.000183475	0.000183531	0.000183586	0.000183641	0.000183694	0.000183747	0.000183799	0.00018385	0.000183902	0.000183954	0.000184006	0.000184059	0.000184112	0.000184165	0.000184219	0.000184273	0.000184326	0.00018438	0.000184434	0.000184487	0.00018454	0.000184593	0.000184644	0.000184696	0.000184746	0.000184795	0.000184843	0.000184889	0.000184934	0.000184977	0.000185017	0.000185055	0.000185089	0.000185121	0.000185149	0.000185172	0.000185192	0.000185206	0.000185214	0.000185217	0.000185212	0.0001852	0.00018518	0.000185151	0.000185113	0.000185063	0.000185003	0.00018493	0.000184843	0.000184742	0.000184624	0.00018449	0.000184337	0.000184165	0.000183971	0.000183754	0.000183512	0.000183243	0.000182946	0.000182617	0.000182255	0.000181857	0.00018142	0.000180941	0.000180416	0.000179841	0.000179212	0.000178525	0.000177773	0.000176951	0.000176051	0.000175064	0.00017398	0.000172783	0.000171458	0.00016998	0.000168326	0.000166477	0.000164447	0.000162348	0.000160728	0.000162474	
0.000271922	0.000195899	0.00019158	0.000186966	0.000184488	0.000183067	0.000182185	0.000181604	0.000181205	0.000180924	0.000180724	0.000180581	0.000180479	0.000180409	0.000180362	0.000180333	0.000180319	0.000180315	0.000180321	0.000180334	0.000180353	0.000180378	0.000180407	0.000180439	0.000180475	0.000180514	0.000180556	0.000180599	0.000180645	0.000180693	0.000180743	0.000180794	0.000180846	0.0001809	0.000180954	0.00018101	0.000181067	0.000181124	0.000181182	0.00018124	0.000181299	0.000181359	0.000181418	0.000181479	0.000181539	0.000181599	0.00018166	0.000181721	0.000181782	0.000181842	0.000181903	0.000181964	0.000182024	0.000182085	0.000182145	0.000182205	0.000182265	0.000182324	0.000182383	0.000182442	0.0001825	0.000182558	0.000182615	0.000182672	0.000182729	0.000182784	0.00018284	0.000182894	0.000182948	0.000183002	0.000183055	0.000183107	0.000183158	0.000183208	0.000183258	0.000183307	0.000183356	0.000183405	0.000183454	0.000183503	0.000183553	0.000183603	0.000183654	0.000183705	0.000183755	0.000183806	0.000183857	0.000183908	0.000183958	0.000184008	0.000184058	0.000184107	0.000184155	0.000184202	0.000184248	0.000184293	0.000184336	0.000184378	0.000184417	0.000184454	0.000184488	0.00018452	0.000184548	0.000184572	0.000184592	0.000184608	0.000184618	0.000184623	0.000184621	0.000184612	0.000184596	0.000184572	0.000184539	0.000184495	0.000184441	0.000184376	0.000184297	0.000184205	0.000184098	0.000183975	0.000183835	0.000183676	0.000183497	0.000183296	0.000183071	0.000182822	0.000182545	0.000182239	0.000181902	0.000181531	0.000181123	0.000180676	0.000180186	0.00017965	0.000179064	0.000178424	0.000177724	0.00017696	0.000176125	0.000175212	0.000174212	0.000173115	0.000171907	0.00017057	0.000169084	0.000167426	0.00016558	0.000163565	0.000161509	0.000160003	0.000162117	
0.000271922	0.000197009	0.000192446	0.000187644	0.000185037	0.00018352	0.000182561	0.000181917	0.000181464	0.000181136	0.000180895	0.000180715	0.000180581	0.00018048	0.000180406	0.000180353	0.000180315	0.000180291	0.000180277	0.000180271	0.000180273	0.000180282	0.000180295	0.000180313	0.000180335	0.000180361	0.00018039	0.000180422	0.000180457	0.000180494	0.000180533	0.000180574	0.000180617	0.000180662	0.000180708	0.000180755	0.000180803	0.000180853	0.000180903	0.000180954	0.000181006	0.000181059	0.000181112	0.000181166	0.00018122	0.000181274	0.000181329	0.000181384	0.00018144	0.000181495	0.000181551	0.000181606	0.000181662	0.000181718	0.000181773	0.000181829	0.000181884	0.00018194	0.000181995	0.000182049	0.000182104	0.000182158	0.000182212	0.000182265	0.000182318	0.00018237	0.000182422	0.000182474	0.000182525	0.000182575	0.000182625	0.000182674	0.000182723	0.000182771	0.000182818	0.000182864	0.00018291	0.000182956	0.000183003	0.00018305	0.000183097	0.000183145	0.000183193	0.000183241	0.000183289	0.000183337	0.000183385	0.000183433	0.000183481	0.000183528	0.000183575	0.000183622	0.000183667	0.000183711	0.000183755	0.000183797	0.000183837	0.000183876	0.000183912	0.000183946	0.000183978	0.000184006	0.000184031	0.000184052	0.000184069	0.000184081	0.000184088	0.000184089	0.000184084	0.000184072	0.000184052	0.000184024	0.000183987	0.000183939	0.000183881	0.000183811	0.000183728	0.000183631	0.000183519	0.000183391	0.000183245	0.00018308	0.000182895	0.000182688	0.000182457	0.0001822	0.000181917	0.000181603	0.000181258	0.000180879	0.000180462	0.000180006	0.000179507	0.000178961	0.000178365	0.000177713	0.000177002	0.000176227	0.00017538	0.000174455	0.000173444	0.000172336	0.000171118	0.000169772	0.000168279	0.000166618	0.000164776	0.000162778	0.000160765	0.000159369	0.00016184	
0.000271922	0.000198054	0.000193265	0.000188286	0.000185559	0.000183951	0.000182921	0.000182217	0.000181714	0.000181343	0.000181063	0.000180849	0.000180684	0.000180556	0.000180457	0.00018038	0.000180321	0.000180277	0.000180244	0.000180222	0.000180208	0.000180201	0.0001802	0.000180205	0.000180214	0.000180228	0.000180245	0.000180267	0.000180291	0.000180318	0.000180347	0.000180379	0.000180413	0.000180449	0.000180487	0.000180527	0.000180567	0.00018061	0.000180653	0.000180697	0.000180743	0.000180789	0.000180836	0.000180884	0.000180932	0.000180981	0.000181031	0.000181081	0.000181131	0.000181182	0.000181233	0.000181284	0.000181335	0.000181386	0.000181438	0.000181489	0.000181541	0.000181592	0.000181643	0.000181694	0.000181745	0.000181796	0.000181846	0.000181896	0.000181946	0.000181996	0.000182045	0.000182093	0.000182141	0.000182189	0.000182236	0.000182282	0.000182328	0.000182374	0.000182419	0.000182463	0.000182506	0.00018255	0.000182594	0.000182639	0.000182684	0.000182729	0.000182775	0.00018282	0.000182866	0.000182912	0.000182958	0.000183003	0.000183049	0.000183094	0.000183138	0.000183182	0.000183225	0.000183267	0.000183308	0.000183347	0.000183385	0.000183421	0.000183455	0.000183486	0.000183515	0.000183541	0.000183563	0.000183581	0.000183595	0.000183604	0.000183608	0.000183606	0.000183598	0.000183583	0.000183559	0.000183528	0.000183487	0.000183436	0.000183374	0.000183299	0.000183212	0.000183111	0.000182995	0.000182862	0.000182711	0.000182541	0.00018235	0.000182137	0.000181901	0.000181638	0.000181348	0.000181027	0.000180675	0.000180288	0.000179864	0.000179399	0.000178892	0.000178337	0.000177731	0.00017707	0.000176349	0.000175563	0.000174706	0.000173771	0.000172749	0.000171631	0.000170404	0.000169051	0.000167553	0.000165889	0.000164052	0.000162071	0.000160102	0.000158813	0.000161628	
0.000271922	0.000199043	0.00019404	0.000188896	0.000186055	0.000184363	0.000183265	0.000182506	0.000181956	0.000181544	0.000181228	0.000180982	0.000180788	0.000180634	0.000180511	0.000180413	0.000180334	0.000180271	0.000180222	0.000180183	0.000180154	0.000180133	0.000180119	0.000180111	0.000180109	0.000180111	0.000180118	0.000180129	0.000180144	0.000180161	0.000180182	0.000180205	0.000180231	0.000180259	0.00018029	0.000180322	0.000180355	0.000180391	0.000180428	0.000180466	0.000180505	0.000180546	0.000180587	0.000180629	0.000180672	0.000180716	0.000180761	0.000180806	0.000180852	0.000180898	0.000180944	0.000180991	0.000181038	0.000181085	0.000181133	0.000181181	0.000181228	0.000181276	0.000181324	0.000181372	0.000181419	0.000181467	0.000181514	0.000181561	0.000181608	0.000181655	0.000181701	0.000181747	0.000181792	0.000181837	0.000181882	0.000181926	0.00018197	0.000182013	0.000182055	0.000182097	0.000182138	0.00018218	0.000182222	0.000182265	0.000182308	0.000182351	0.000182394	0.000182438	0.000182481	0.000182525	0.000182569	0.000182612	0.000182655	0.000182698	0.00018274	0.000182782	0.000182822	0.000182862	0.000182901	0.000182938	0.000182973	0.000183007	0.000183038	0.000183067	0.000183094	0.000183117	0.000183136	0.000183152	0.000183164	0.00018317	0.000183171	0.000183167	0.000183156	0.000183137	0.000183111	0.000183076	0.000183032	0.000182977	0.000182912	0.000182834	0.000182743	0.000182638	0.000182517	0.00018238	0.000182225	0.00018205	0.000181855	0.000181637	0.000181395	0.000181126	0.00018083	0.000180504	0.000180145	0.000179751	0.00017932	0.000178848	0.000178332	0.000177769	0.000177155	0.000176485	0.000175755	0.00017496	0.000174093	0.000173148	0.000172118	0.000170991	0.000169756	0.000168396	0.000166894	0.00016523	0.000163398	0.000161435	0.000159508	0.000158324	0.000161472	
0.000271922	0.00019998	0.000194776	0.000189477	0.000186529	0.000184757	0.000183596	0.000182784	0.00018219	0.000181739	0.00018139	0.000181114	0.000180893	0.000180715	0.00018057	0.000180451	0.000180353	0.000180273	0.000180208	0.000180154	0.000180111	0.000180077	0.00018005	0.000180031	0.000180017	0.000180009	0.000180006	0.000180007	0.000180013	0.000180022	0.000180034	0.000180049	0.000180068	0.000180089	0.000180112	0.000180137	0.000180164	0.000180193	0.000180224	0.000180256	0.00018029	0.000180325	0.000180361	0.000180398	0.000180436	0.000180475	0.000180515	0.000180556	0.000180597	0.000180639	0.000180681	0.000180724	0.000180768	0.000180811	0.000180855	0.000180899	0.000180944	0.000180988	0.000181033	0.000181077	0.000181122	0.000181166	0.000181211	0.000181255	0.000181299	0.000181343	0.000181387	0.00018143	0.000181473	0.000181516	0.000181558	0.0001816	0.000181642	0.000181683	0.000181723	0.000181763	0.000181802	0.000181842	0.000181882	0.000181923	0.000181964	0.000182005	0.000182046	0.000182088	0.000182129	0.000182171	0.000182213	0.000182254	0.000182295	0.000182336	0.000182376	0.000182415	0.000182454	0.000182492	0.000182528	0.000182563	0.000182597	0.000182628	0.000182658	0.000182684	0.000182709	0.000182729	0.000182747	0.00018276	0.000182769	0.000182773	0.000182772	0.000182765	0.000182751	0.00018273	0.000182701	0.000182664	0.000182616	0.000182559	0.00018249	0.000182409	0.000182315	0.000182206	0.000182082	0.000181941	0.000181781	0.000181602	0.000181402	0.00018118	0.000180933	0.000180659	0.000180357	0.000180025	0.000179661	0.000179261	0.000178823	0.000178344	0.000177821	0.00017725	0.000176628	0.00017595	0.000175212	0.000174408	0.000173533	0.00017258	0.000171541	0.000170407	0.000169165	0.0001678	0.000166294	0.00016463	0.000162804	0.000160859	0.000158974	0.000157892	0.000161361	
0.000271922	0.00020087	0.000195477	0.000190031	0.000186981	0.000185134	0.000183914	0.000183053	0.000182416	0.00018193	0.000181548	0.000181244	0.000180998	0.000180797	0.000180631	0.000180493	0.000180378	0.000180282	0.000180201	0.000180133	0.000180077	0.00018003	0.000179992	0.000179961	0.000179937	0.00017992	0.000179907	0.000179899	0.000179896	0.000179897	0.000179902	0.00017991	0.000179921	0.000179935	0.000179951	0.00017997	0.000179991	0.000180014	0.000180039	0.000180066	0.000180095	0.000180124	0.000180155	0.000180188	0.000180221	0.000180256	0.000180291	0.000180328	0.000180365	0.000180403	0.000180442	0.000180481	0.00018052	0.00018056	0.000180601	0.000180642	0.000180683	0.000180724	0.000180766	0.000180808	0.000180849	0.000180891	0.000180933	0.000180975	0.000181016	0.000181058	0.000181099	0.00018114	0.000181181	0.000181221	0.000181262	0.000181301	0.000181341	0.00018138	0.000181418	0.000181456	0.000181494	0.000181532	0.00018157	0.000181609	0.000181648	0.000181687	0.000181727	0.000181767	0.000181806	0.000181846	0.000181886	0.000181926	0.000181965	0.000182004	0.000182042	0.00018208	0.000182116	0.000182152	0.000182187	0.00018222	0.000182251	0.000182281	0.000182308	0.000182333	0.000182355	0.000182374	0.00018239	0.000182401	0.000182408	0.00018241	0.000182406	0.000182397	0.000182381	0.000182357	0.000182326	0.000182285	0.000182236	0.000182175	0.000182104	0.00018202	0.000181922	0.00018181	0.000181683	0.000181538	0.000181375	0.000181192	0.000180988	0.000180761	0.000180509	0.000180231	0.000179925	0.000179587	0.000179217	0.000178811	0.000178367	0.000177882	0.000177353	0.000176775	0.000176146	0.000175461	0.000174715	0.000173903	0.00017302	0.00017206	0.000171013	0.000169872	0.000168624	0.000167254	0.000165745	0.000164082	0.000162264	0.000160337	0.000158494	0.00015751	0.000161289	
