0.000248564	0.000248564	0.000248564	0.000248564	0.000248564	0.000248564	0.000248564	0.000248564	0.000248564	0.000248564	0.000248564	0.000248564	0.000248564	0.000248564	0.000248564	0.000248564	0.000248564	0.000248564	0.000248564	0.000248564	0.000248564	0.000248564	0.000248564	0.000248564	0.000248564	0.000248564	0.000248564	0.000248564	0.000248564	0.000248564	0.000248564	0.000248564	0.000248564	0.000248564	0.000248564	0.000248564	0.000248564	0.000248564	0.000248564	0.000248564	0.000248564	0.000248564	0.000248564	0.000248564	0.000248564	0.000248564	0.000248564	0.000248564	0.000248564	0.000248564	0.000248564	0.000248564	0.000248564	0.000248564	0.000248564	0.000248564	0.000248564	0.000248564	0.000248564	0.000248564	0.000248564	0.000248564	0.000248564	0.000248564	0.000248564	0.000248564	0.000248564	0.000248564	0.000248564	0.000248564	0.000248564	0.000248564	0.000248564	0.000248564	0.000248564	0.000248564	0.000248564	0.000248564	0.000248564	0.000248564	0.000248564	0.000248564	0.000248564	0.000248564	0.000248564	0.000248564	0.000248564	0.000248564	0.000248564	0.000248564	0.000248564	0.000248564	0.000248564	0.000248564	0.000248564	0.000248564	0.000248564	0.000248564	0.000248564	0.000248564	0.000248564	0.000248564	0.000248564	0.000248564	0.000248564	0.000248564	0.000248564	0.000248564	0.000248564	0.000248564	0.000248564	0.000248564	0.000248564	0.000248564	0.000248564	0.000248564	0.000248564	0.000248564	0.000248564	0.000248564	0.000248564	0.000248564	0.000248564	0.000248564	0.000248564	0.000248564	0.000248564	0.000248564	0.000248564	0.000248564	0.000248564	0.000248564	0.000248564	0.000248564	0.000248564	0.000248564	0.000248564	0.000248564	0.000248564	0.000248564	0.000248564	0.000248564	0.000248564	0.000248564	0.000248564	0.000248564	0.000248564	0.000248564	0.000248564	0.000248564	0.000248564	
0.000248564	0.000219326	0.000218929	0.000214508	0.000212198	0.000210966	0.000210276	0.000209885	0.000209671	0.000209571	0.000209545	0.000209573	0.000209639	0.000209735	0.000209855	0.000209993	0.000210148	0.000210315	0.000210492	0.000210678	0.000210871	0.000211068	0.000211269	0.000211472	0.000211677	0.000211881	0.000212085	0.000212288	0.000212488	0.000212687	0.000212882	0.000213075	0.000213265	0.000213451	0.000213635	0.000213815	0.000213991	0.000214164	0.000214335	0.000214502	0.000214666	0.000214827	0.000214985	0.000215141	0.000215294	0.000215445	0.000215594	0.000215741	0.000215885	0.000216028	0.000216169	0.000216309	0.000216447	0.000216583	0.000216718	0.000216852	0.000216985	0.000217117	0.000217247	0.000217377	0.000217506	0.000217634	0.000217761	0.000217888	0.000218014	0.000218139	0.000218263	0.000218387	0.00021851	0.000218633	0.000218755	0.000218876	0.000218997	0.000219117	0.000219237	0.000219356	0.000219475	0.000219596	0.00021972	0.000219847	0.000219976	0.000220108	0.000220244	0.000220382	0.000220523	0.000220668	0.000220816	0.000220967	0.000221121	0.000221279	0.000221441	0.000221605	0.000221774	0.000221946	0.000222121	0.0002223	0.000222483	0.000222668	0.000222858	0.000223051	0.000223247	0.000223446	0.000223648	0.000223853	0.000224061	0.000224271	0.000224484	0.000224698	0.000224914	0.000225132	0.00022535	0.000225569	0.000225787	0.000226006	0.000226223	0.000226439	0.000226652	0.000226862	0.000227069	0.000227271	0.000227468	0.000227659	0.000227842	0.000228018	0.000228184	0.00022834	0.000228484	0.000228615	0.000228731	0.000228832	0.000228915	0.000228978	0.00022902	0.000229039	0.000229033	0.000229001	0.000228942	0.000228856	0.000228744	0.000228608	0.000228453	0.000228286	0.000228118	0.000227969	0.000227869	0.000227875	0.000228085	0.000228656	0.0002298	0.000232104	0.000242084	
0.000248564	0.000218929	0.000215399	0.000207741	0.000203172	0.000200284	0.000198312	0.000196889	0.000195818	0.000194988	0.000194332	0.000193805	0.000193378	0.000193032	0.000192752	0.000192526	0.000192348	0.000192209	0.000192104	0.000192029	0.000191979	0.00019195	0.000191939	0.000191945	0.000191963	0.000191993	0.000192033	0.00019208	0.000192134	0.000192193	0.000192257	0.000192324	0.000192395	0.000192468	0.000192543	0.00019262	0.000192698	0.000192777	0.000192857	0.000192938	0.00019302	0.000193102	0.000193185	0.000193269	0.000193352	0.000193437	0.000193522	0.000193607	0.000193693	0.00019378	0.000193867	0.000193955	0.000194044	0.000194133	0.000194223	0.000194314	0.000194405	0.000194497	0.00019459	0.000194684	0.000194778	0.000194873	0.000194969	0.000195065	0.000195163	0.000195261	0.000195359	0.000195459	0.000195558	0.000195659	0.00019576	0.000195862	0.000195964	0.000196066	0.000196169	0.000196273	0.000196377	0.000196484	0.000196594	0.000196707	0.000196824	0.000196945	0.000197069	0.000197196	0.000197328	0.000197463	0.000197603	0.000197746	0.000197894	0.000198046	0.000198202	0.000198363	0.000198528	0.000198697	0.000198871	0.00019905	0.000199233	0.00019942	0.000199612	0.000199808	0.000200009	0.000200214	0.000200423	0.000200636	0.000200852	0.000201072	0.000201296	0.000201523	0.000201752	0.000201983	0.000202217	0.000202452	0.000202689	0.000202926	0.000203163	0.000203399	0.000203635	0.000203869	0.0002041	0.000204328	0.000204553	0.000204773	0.000204987	0.000205196	0.000205397	0.000205591	0.000205776	0.000205951	0.000206115	0.000206267	0.000206406	0.000206532	0.000206643	0.000206738	0.000206818	0.000206882	0.000206933	0.000206972	0.000207004	0.000207037	0.00020708	0.000207149	0.000207266	0.000207462	0.000207789	0.000208331	0.000209235	0.000210731	0.000213156	0.000217374	0.000231512	
0.000248564	0.000214508	0.000207741	0.000197054	0.000190308	0.000185779	0.000182515	0.000180036	0.000178083	0.000176502	0.000175196	0.000174099	0.000173169	0.000172375	0.000171692	0.000171103	0.000170594	0.000170155	0.000169774	0.000169446	0.000169162	0.000168916	0.000168705	0.000168523	0.000168366	0.000168232	0.000168116	0.000168018	0.000167934	0.000167863	0.000167803	0.000167753	0.000167711	0.000167677	0.00016765	0.000167629	0.000167613	0.000167602	0.000167596	0.000167594	0.000167596	0.000167601	0.00016761	0.000167623	0.000167638	0.000167657	0.000167679	0.000167704	0.000167731	0.000167762	0.000167795	0.000167831	0.000167869	0.00016791	0.000167954	0.000168001	0.00016805	0.000168101	0.000168155	0.000168211	0.00016827	0.000168331	0.000168395	0.00016846	0.000168528	0.000168598	0.00016867	0.000168743	0.000168819	0.000168897	0.000168976	0.000169057	0.00016914	0.000169225	0.000169311	0.000169398	0.000169487	0.00016958	0.000169676	0.000169777	0.000169881	0.00016999	0.000170103	0.000170221	0.000170344	0.000170471	0.000170603	0.00017074	0.000170883	0.000171031	0.000171184	0.000171343	0.000171507	0.000171677	0.000171852	0.000172034	0.000172221	0.000172414	0.000172613	0.000172818	0.000173029	0.000173245	0.000173467	0.000173695	0.000173928	0.000174166	0.00017441	0.000174658	0.00017491	0.000175167	0.000175427	0.000175691	0.000175958	0.000176228	0.000176499	0.000176773	0.000177047	0.000177323	0.000177598	0.000177873	0.000178147	0.00017842	0.00017869	0.000178958	0.000179223	0.000179484	0.000179741	0.000179993	0.000180241	0.000180483	0.00018072	0.000180951	0.000181176	0.000181397	0.000181614	0.00018183	0.000182049	0.000182275	0.000182518	0.000182789	0.000183106	0.000183491	0.000183977	0.00018461	0.00018546	0.000186644	0.000188353	0.000190895	0.00019472	0.000200949	0.000219146	
0.000248564	0.000212198	0.000203172	0.000190308	0.00018197	0.000176227	0.000171995	0.000168722	0.000166102	0.000163951	0.000162149	0.000160619	0.000159306	0.000158169	0.00015718	0.000156315	0.000155556	0.000154889	0.000154301	0.000153782	0.000153322	0.000152915	0.000152554	0.000152232	0.000151945	0.000151689	0.000151459	0.000151253	0.000151068	0.0001509	0.000150749	0.000150612	0.000150488	0.000150375	0.000150273	0.000150179	0.000150095	0.000150018	0.000149948	0.000149885	0.000149828	0.000149777	0.000149731	0.000149691	0.000149656	0.000149627	0.000149602	0.000149581	0.000149565	0.000149554	0.000149547	0.000149544	0.000149546	0.000149552	0.000149561	0.000149575	0.000149593	0.000149614	0.000149639	0.000149668	0.000149701	0.000149737	0.000149777	0.00014982	0.000149866	0.000149915	0.000149968	0.000150024	0.000150082	0.000150144	0.000150208	0.000150275	0.000150344	0.000150416	0.00015049	0.000150567	0.000150646	0.000150729	0.000150816	0.000150908	0.000151005	0.000151107	0.000151214	0.000151326	0.000151444	0.000151567	0.000151696	0.000151831	0.000151972	0.000152119	0.000152272	0.000152432	0.000152599	0.000152772	0.000152952	0.000153139	0.000153334	0.000153535	0.000153743	0.000153958	0.00015418	0.00015441	0.000154646	0.000154889	0.000155139	0.000155395	0.000155658	0.000155928	0.000156203	0.000156483	0.00015677	0.000157061	0.000157357	0.000157657	0.000157961	0.000158268	0.000158578	0.000158891	0.000159206	0.000159523	0.000159841	0.00016016	0.00016048	0.000160799	0.000161119	0.000161439	0.000161759	0.000162078	0.000162396	0.000162715	0.000163034	0.000163353	0.000163675	0.000164	0.000164331	0.000164671	0.000165026	0.000165405	0.000165818	0.000166281	0.000166816	0.000167452	0.000168229	0.000169204	0.000170462	0.000172142	0.00017447	0.000177808	0.000182686	0.000190404	0.000211538	
0.000248564	0.000210966	0.000200284	0.000185779	0.000176227	0.000169547	0.000164563	0.000160669	0.000157524	0.000154921	0.000152727	0.000150852	0.000149233	0.000147823	0.000146589	0.000145503	0.000144544	0.000143695	0.000142941	0.000142269	0.00014167	0.000141133	0.000140652	0.00014022	0.000139829	0.000139477	0.000139156	0.000138865	0.000138599	0.000138356	0.000138133	0.000137928	0.000137739	0.000137564	0.000137402	0.000137252	0.000137112	0.000136983	0.000136863	0.000136752	0.000136648	0.000136553	0.000136464	0.000136383	0.000136308	0.00013624	0.000136178	0.000136122	0.000136072	0.000136028	0.000135989	0.000135956	0.000135929	0.000135906	0.000135889	0.000135877	0.00013587	0.000135868	0.000135871	0.000135879	0.000135891	0.000135908	0.000135929	0.000135954	0.000135984	0.000136018	0.000136056	0.000136098	0.000136143	0.000136192	0.000136245	0.000136301	0.000136361	0.000136424	0.00013649	0.000136558	0.00013663	0.000136707	0.000136788	0.000136875	0.000136967	0.000137064	0.000137168	0.000137277	0.000137392	0.000137513	0.000137641	0.000137776	0.000137917	0.000138066	0.000138222	0.000138385	0.000138555	0.000138734	0.00013892	0.000139114	0.000139316	0.000139526	0.000139744	0.00013997	0.000140204	0.000140447	0.000140698	0.000140956	0.000141223	0.000141497	0.000141779	0.000142069	0.000142366	0.000142669	0.00014298	0.000143296	0.000143619	0.000143947	0.00014428	0.000144619	0.000144962	0.000145308	0.000145659	0.000146013	0.000146371	0.000146731	0.000147094	0.000147459	0.000147828	0.000148198	0.000148572	0.000148949	0.000149329	0.000149713	0.000150101	0.000150496	0.000150899	0.000151311	0.000151737	0.000152182	0.000152651	0.000153156	0.000153709	0.00015433	0.000155044	0.000155884	0.000156898	0.000158149	0.000159736	0.000161814	0.000164635	0.000168602	0.000174306	0.000183172	0.000206534	
0.000248564	0.000210276	0.000198312	0.000182515	0.000171995	0.000164563	0.000158971	0.000154571	0.000150997	0.000148023	0.000145505	0.000143344	0.000141471	0.000139834	0.000138396	0.000137125	0.000135999	0.000134997	0.000134104	0.000133305	0.000132588	0.000131944	0.000131362	0.000130837	0.00013036	0.000129927	0.000129531	0.000129169	0.000128836	0.000128529	0.000128246	0.000127984	0.00012774	0.000127514	0.000127302	0.000127105	0.00012692	0.000126747	0.000126585	0.000126434	0.000126292	0.000126159	0.000126034	0.000125918	0.00012581	0.00012571	0.000125617	0.000125531	0.000125453	0.000125381	0.000125316	0.000125257	0.000125205	0.00012516	0.00012512	0.000125087	0.000125059	0.000125038	0.000125022	0.000125012	0.000125007	0.000125008	0.000125014	0.000125026	0.000125042	0.000125063	0.000125089	0.00012512	0.000125155	0.000125194	0.000125238	0.000125286	0.000125338	0.000125394	0.000125453	0.000125516	0.000125583	0.000125655	0.000125732	0.000125815	0.000125904	0.000125998	0.000126099	0.000126207	0.000126321	0.000126443	0.000126571	0.000126707	0.00012685	0.000127001	0.00012716	0.000127328	0.000127503	0.000127687	0.00012788	0.000128081	0.000128292	0.000128511	0.00012874	0.000128977	0.000129224	0.00012948	0.000129745	0.000130019	0.000130302	0.000130594	0.000130895	0.000131204	0.000131522	0.000131847	0.00013218	0.000132521	0.000132869	0.000133223	0.000133584	0.000133951	0.000134324	0.000134703	0.000135086	0.000135474	0.000135868	0.000136265	0.000136668	0.000137074	0.000137486	0.000137903	0.000138324	0.000138752	0.000139186	0.000139628	0.000140079	0.00014054	0.000141013	0.000141502	0.000142011	0.000142545	0.000143113	0.000143726	0.0001444	0.000145156	0.000146021	0.000147035	0.000148248	0.000149733	0.000151596	0.000154005	0.000157236	0.000161721	0.000168099	0.000177889	0.000203013	
0.000248564	0.000209885	0.000196889	0.000180036	0.000168722	0.000160669	0.000154571	0.000149749	0.000145813	0.000142526	0.000139733	0.000137329	0.000135238	0.000133407	0.000131793	0.000130363	0.000129093	0.000127959	0.000126946	0.000126036	0.000125218	0.00012448	0.000123813	0.000123207	0.000122655	0.000122152	0.00012169	0.000121267	0.000120876	0.000120514	0.000120179	0.000119868	0.000119577	0.000119306	0.000119051	0.000118813	0.000118589	0.000118378	0.00011818	0.000117993	0.000117817	0.000117652	0.000117496	0.00011735	0.000117213	0.000117085	0.000116965	0.000116853	0.00011675	0.000116654	0.000116566	0.000116485	0.000116412	0.000116346	0.000116288	0.000116236	0.000116191	0.000116152	0.00011612	0.000116095	0.000116076	0.000116063	0.000116056	0.000116055	0.00011606	0.00011607	0.000116086	0.000116108	0.000116134	0.000116166	0.000116202	0.000116243	0.000116289	0.000116339	0.000116393	0.000116452	0.000116515	0.000116583	0.000116657	0.000116737	0.000116824	0.000116917	0.000117017	0.000117124	0.000117238	0.00011736	0.00011749	0.000117628	0.000117774	0.000117928	0.000118092	0.000118264	0.000118445	0.000118635	0.000118835	0.000119045	0.000119264	0.000119493	0.000119732	0.000119982	0.000120241	0.00012051	0.00012079	0.000121079	0.000121378	0.000121687	0.000122006	0.000122334	0.000122672	0.000123018	0.000123374	0.000123737	0.000124109	0.000124489	0.000124876	0.00012527	0.000125672	0.000126079	0.000126494	0.000126914	0.000127341	0.000127773	0.000128212	0.000128657	0.000129108	0.000129566	0.000130032	0.000130507	0.00013099	0.000131484	0.000131991	0.000132511	0.000133048	0.000133605	0.000134188	0.000134802	0.000135457	0.000136166	0.000136946	0.00013782	0.000138819	0.000139985	0.000141372	0.000143059	0.000145159	0.000147853	0.000151433	0.000156357	0.000163299	0.000173857	0.00020042	
0.000248564	0.000209671	0.000195818	0.000178083	0.000166102	0.000157524	0.000150997	0.000145813	0.000141567	0.00013801	0.000134979	0.000132363	0.000130084	0.000128082	0.000126314	0.000124745	0.000123348	0.000122098	0.000120978	0.000119972	0.000119064	0.000118243	0.000117499	0.000116821	0.000116204	0.000115638	0.000115119	0.00011464	0.000114198	0.000113788	0.000113406	0.000113051	0.000112719	0.000112407	0.000112115	0.000111839	0.00011158	0.000111336	0.000111105	0.000110887	0.000110681	0.000110487	0.000110303	0.00011013	0.000109967	0.000109814	0.00010967	0.000109535	0.000109409	0.000109292	0.000109183	0.000109083	0.000108991	0.000108907	0.000108831	0.000108762	0.000108701	0.000108648	0.000108602	0.000108563	0.000108531	0.000108506	0.000108487	0.000108476	0.000108471	0.000108472	0.000108479	0.000108492	0.000108511	0.000108535	0.000108565	0.000108601	0.000108641	0.000108687	0.000108737	0.000108792	0.000108852	0.000108917	0.000108989	0.000109067	0.000109152	0.000109245	0.000109345	0.000109452	0.000109567	0.00010969	0.000109822	0.000109962	0.000110112	0.00011027	0.000110438	0.000110615	0.000110803	0.000111	0.000111208	0.000111426	0.000111654	0.000111893	0.000112143	0.000112404	0.000112676	0.000112959	0.000113252	0.000113557	0.000113872	0.000114198	0.000114535	0.000114882	0.000115239	0.000115606	0.000115982	0.000116368	0.000116763	0.000117167	0.000117579	0.000118	0.000118428	0.000118864	0.000119307	0.000119758	0.000120216	0.000120681	0.000121154	0.000121634	0.000122123	0.00012262	0.000123127	0.000123645	0.000124174	0.000124716	0.000125274	0.000125848	0.000126444	0.000127063	0.000127713	0.0001284	0.000129134	0.00012993	0.000130805	0.000131785	0.000132903	0.000134203	0.000135745	0.00013761	0.00013992	0.000142863	0.000146746	0.000152049	0.000159475	0.00017068	0.000198446	
0.000248564	0.000209571	0.000194988	0.000176502	0.000163951	0.000154921	0.000148023	0.000142526	0.00013801	0.000134216	0.000130977	0.000128175	0.000125728	0.000123576	0.000121671	0.000119977	0.000118466	0.000117113	0.000115898	0.000114804	0.000113815	0.00011292	0.000112106	0.000111365	0.000110687	0.000110065	0.000109493	0.000108966	0.000108477	0.000108023	0.000107599	0.000107204	0.000106834	0.000106486	0.000106159	0.00010585	0.000105559	0.000105284	0.000105024	0.000104777	0.000104544	0.000104323	0.000104114	0.000103916	0.000103729	0.000103553	0.000103387	0.000103231	0.000103085	0.000102948	0.00010282	0.000102702	0.000102592	0.000102492	0.0001024	0.000102316	0.000102241	0.000102173	0.000102114	0.000102063	0.000102019	0.000101983	0.000101955	0.000101933	0.000101919	0.000101911	0.000101911	0.000101917	0.000101929	0.000101947	0.000101972	0.000102002	0.000102038	0.00010208	0.000102126	0.000102178	0.000102235	0.000102299	0.000102369	0.000102446	0.000102531	0.000102623	0.000102723	0.000102831	0.000102947	0.000103072	0.000103207	0.00010335	0.000103503	0.000103666	0.000103839	0.000104022	0.000104216	0.00010442	0.000104636	0.000104862	0.0001051	0.000105349	0.00010561	0.000105883	0.000106167	0.000106464	0.000106772	0.000107091	0.000107422	0.000107765	0.000108119	0.000108485	0.000108861	0.000109248	0.000109645	0.000110053	0.000110471	0.000110898	0.000111334	0.00011178	0.000112234	0.000112697	0.000113168	0.000113647	0.000114135	0.000114632	0.000115137	0.000115651	0.000116175	0.000116709	0.000117255	0.000117813	0.000118384	0.000118972	0.000119577	0.000120202	0.000120851	0.000121528	0.00012224	0.000122993	0.0001238	0.000124675	0.000125637	0.000126713	0.000127939	0.000129361	0.000131041	0.000133067	0.000135562	0.000138726	0.000142877	0.000148512	0.000156357	0.00016812	0.000196908	
0.000248564	0.000209545	0.000194332	0.000175196	0.000162149	0.000152727	0.000145505	0.000139733	0.000134979	0.000130977	0.000127552	0.000124584	0.000121988	0.0001197	0.000117672	0.000115866	0.000114252	0.000112805	0.000111504	0.00011033	0.000109268	0.000108304	0.000107428	0.000106628	0.000105895	0.000105222	0.000104602	0.000104029	0.000103498	0.000103003	0.000102541	0.000102109	0.000101704	0.000101323	0.000100964	0.000100625	0.000100304	0.0001	9.97125e-05	9.94397e-05	9.91809e-05	9.89354e-05	9.87026e-05	9.84821e-05	9.82732e-05	9.80757e-05	9.78891e-05	9.77133e-05	9.75479e-05	9.73928e-05	9.72476e-05	9.71122e-05	9.69865e-05	9.68703e-05	9.67633e-05	9.66655e-05	9.65767e-05	9.64967e-05	9.64254e-05	9.63626e-05	9.63082e-05	9.62619e-05	9.62237e-05	9.61933e-05	9.61706e-05	9.61554e-05	9.61475e-05	9.61467e-05	9.61529e-05	9.61659e-05	9.61854e-05	9.62113e-05	9.62434e-05	9.62815e-05	9.63253e-05	9.63748e-05	9.64298e-05	9.64915e-05	9.65604e-05	9.66368e-05	9.67209e-05	9.68131e-05	9.69137e-05	9.70229e-05	9.71411e-05	9.72686e-05	9.74056e-05	9.75525e-05	9.77095e-05	9.7877e-05	9.80552e-05	9.82444e-05	9.84448e-05	9.86567e-05	9.88803e-05	9.91158e-05	9.93633e-05	9.96231e-05	9.98952e-05	0.00010018	0.000100477	0.000100786	0.000101108	0.000101443	0.00010179	0.000102149	0.000102521	0.000102904	0.000103299	0.000103706	0.000104124	0.000104553	0.000104993	0.000105442	0.000105902	0.000106372	0.000106852	0.00010734	0.000107838	0.000108346	0.000108862	0.000109388	0.000109924	0.000110471	0.000111028	0.000111597	0.000112179	0.000112775	0.000113387	0.000114017	0.000114667	0.000115339	0.000116039	0.00011677	0.000117539	0.000118354	0.000119228	0.000120175	0.000121217	0.000122382	0.000123707	0.00012524	0.000127046	0.000129216	0.00013188	0.000135242	0.00013963	0.000145559	0.000153772	0.000166019	0.000195688	
0.000248564	0.000209573	0.000193805	0.000174099	0.000160619	0.000150852	0.000143344	0.000137329	0.000132363	0.000128175	0.000124584	0.000121467	0.000118736	0.000116326	0.000114186	0.000112279	0.000110571	0.000109038	0.000107658	0.000106411	0.000105281	0.000104255	0.000103321	0.000102467	0.000101684	0.000100963	0.000100299	9.96837e-05	9.91124e-05	9.85802e-05	9.80829e-05	9.76169e-05	9.71791e-05	9.67669e-05	9.63778e-05	9.60099e-05	9.56616e-05	9.53314e-05	9.5018e-05	9.47204e-05	9.44377e-05	9.41692e-05	9.39141e-05	9.3672e-05	9.34423e-05	9.32247e-05	9.30188e-05	9.28243e-05	9.26409e-05	9.24685e-05	9.23067e-05	9.21553e-05	9.20143e-05	9.18834e-05	9.17625e-05	9.16513e-05	9.15498e-05	9.14577e-05	9.13749e-05	9.13013e-05	9.12367e-05	9.11808e-05	9.11336e-05	9.10948e-05	9.10642e-05	9.10418e-05	9.10272e-05	9.10203e-05	9.10209e-05	9.10288e-05	9.10438e-05	9.10657e-05	9.10942e-05	9.11292e-05	9.11705e-05	9.12178e-05	9.12711e-05	9.13315e-05	9.13995e-05	9.14755e-05	9.15596e-05	9.16523e-05	9.17538e-05	9.18645e-05	9.19847e-05	9.21147e-05	9.22548e-05	9.24054e-05	9.25668e-05	9.27393e-05	9.29231e-05	9.31185e-05	9.33258e-05	9.35453e-05	9.37772e-05	9.40217e-05	9.4279e-05	9.45492e-05	9.48325e-05	9.5129e-05	9.54387e-05	9.57617e-05	9.6098e-05	9.64475e-05	9.68102e-05	9.71859e-05	9.75746e-05	9.79759e-05	9.83897e-05	9.88157e-05	9.92537e-05	9.97034e-05	0.000100164	0.000100637	0.000101119	0.000101613	0.000102117	0.000102631	0.000103155	0.000103689	0.000104233	0.000104788	0.000105353	0.00010593	0.00010652	0.000107122	0.000107739	0.000108371	0.000109022	0.000109691	0.000110383	0.0001111	0.000111847	0.000112628	0.000113451	0.000114325	0.00011526	0.000116276	0.000117392	0.000118638	0.000120054	0.000121689	0.00012361	0.000125912	0.000128728	0.000132268	0.000136871	0.00014306	0.0001516	0.00016427	0.000194707	
0.000248564	0.000209639	0.000193378	0.000173169	0.000159306	0.000149233	0.000141471	0.000135238	0.000130084	0.000125728	0.000121988	0.000118736	0.000115883	0.000113361	0.00011112	0.000109119	0.000107326	0.000105714	0.000104261	0.000102946	0.000101755	0.000100671	9.96823e-05	9.87779e-05	9.79479e-05	9.71837e-05	9.64777e-05	9.58234e-05	9.52151e-05	9.46478e-05	9.41171e-05	9.36192e-05	9.31509e-05	9.27094e-05	9.22922e-05	9.18974e-05	9.15231e-05	9.11677e-05	9.08301e-05	9.05091e-05	9.02038e-05	8.99134e-05	8.96372e-05	8.93746e-05	8.91251e-05	8.88884e-05	8.86641e-05	8.84518e-05	8.82513e-05	8.80623e-05	8.78846e-05	8.7718e-05	8.75624e-05	8.74175e-05	8.72831e-05	8.71592e-05	8.70455e-05	8.69419e-05	8.68483e-05	8.67643e-05	8.66899e-05	8.66249e-05	8.65691e-05	8.65224e-05	8.64844e-05	8.64551e-05	8.64342e-05	8.64216e-05	8.64169e-05	8.64201e-05	8.64309e-05	8.6449e-05	8.64743e-05	8.65066e-05	8.65455e-05	8.65909e-05	8.66428e-05	8.67022e-05	8.67696e-05	8.68453e-05	8.69297e-05	8.7023e-05	8.71258e-05	8.72382e-05	8.73606e-05	8.74934e-05	8.76369e-05	8.77915e-05	8.79574e-05	8.8135e-05	8.83246e-05	8.85264e-05	8.87409e-05	8.89681e-05	8.92085e-05	8.94621e-05	8.97292e-05	9.001e-05	9.03045e-05	9.0613e-05	9.09354e-05	9.12719e-05	9.16223e-05	9.19867e-05	9.23649e-05	9.27569e-05	9.31625e-05	9.35815e-05	9.40137e-05	9.44587e-05	9.49164e-05	9.53865e-05	9.58685e-05	9.63623e-05	9.68676e-05	9.7384e-05	9.79115e-05	9.84499e-05	9.8999e-05	9.95591e-05	0.00010013	0.000100712	0.000101307	0.000101913	0.000102533	0.000103167	0.000103817	0.000104485	0.000105171	0.000105879	0.000106611	0.00010737	0.000108161	0.00010899	0.000109863	0.000110791	0.000111785	0.000112863	0.000114048	0.000115371	0.00011687	0.000118599	0.000120627	0.000123049	0.000126004	0.000129706	0.000134501	0.000140925	0.000149754	0.0001628	0.000193911	
0.000248564	0.000209735	0.000193032	0.000172375	0.000158169	0.000147823	0.000139834	0.000133407	0.000128082	0.000123576	0.0001197	0.000116326	0.000113361	0.000110738	0.000108403	0.000106317	0.000104445	0.00010276	0.000101239	9.98626e-05	9.8613e-05	9.74754e-05	9.64367e-05	9.54855e-05	9.46115e-05	9.38061e-05	9.30613e-05	9.23704e-05	9.17273e-05	9.11269e-05	9.05647e-05	9.00368e-05	8.95397e-05	8.90706e-05	8.86269e-05	8.82064e-05	8.78074e-05	8.74282e-05	8.70676e-05	8.67243e-05	8.63974e-05	8.60861e-05	8.57897e-05	8.55075e-05	8.52392e-05	8.49841e-05	8.47421e-05	8.45127e-05	8.42957e-05	8.40909e-05	8.38979e-05	8.37167e-05	8.3547e-05	8.33886e-05	8.32414e-05	8.31052e-05	8.29798e-05	8.28651e-05	8.27609e-05	8.2667e-05	8.25832e-05	8.25095e-05	8.24455e-05	8.2391e-05	8.2346e-05	8.23101e-05	8.22832e-05	8.22651e-05	8.22555e-05	8.22542e-05	8.2261e-05	8.22757e-05	8.2298e-05	8.23277e-05	8.23645e-05	8.24083e-05	8.24589e-05	8.25174e-05	8.25844e-05	8.26601e-05	8.27449e-05	8.28392e-05	8.29434e-05	8.30577e-05	8.31826e-05	8.33183e-05	8.34654e-05	8.3624e-05	8.37946e-05	8.39775e-05	8.41731e-05	8.43815e-05	8.46032e-05	8.48383e-05	8.50872e-05	8.53501e-05	8.56271e-05	8.59185e-05	8.62243e-05	8.65448e-05	8.68799e-05	8.72297e-05	8.75943e-05	8.79734e-05	8.83671e-05	8.87752e-05	8.91976e-05	8.96341e-05	9.00843e-05	9.05481e-05	9.10251e-05	9.15152e-05	9.20178e-05	9.25328e-05	9.30599e-05	9.35988e-05	9.41493e-05	9.47114e-05	9.5285e-05	9.58701e-05	9.6467e-05	9.7076e-05	9.76976e-05	9.83327e-05	9.8982e-05	9.96468e-05	0.000100328	0.000101029	0.00010175	0.000102493	0.000103263	0.000104063	0.000104896	0.00010577	0.000106691	0.000107669	0.000108718	0.000109855	0.000111105	0.000112498	0.000114075	0.000115891	0.000118016	0.000120549	0.000123631	0.00012748	0.00013245	0.000139085	0.000148173	0.000161552	0.000193261	
0.000248564	0.000209855	0.000192752	0.000171692	0.00015718	0.000146589	0.000138396	0.000131793	0.000126314	0.000121671	0.000117672	0.000114186	0.00011112	0.000108403	0.000105983	0.000103818	0.000101873	0.000100121	9.85373e-05	9.71027e-05	9.57992e-05	9.46114e-05	9.35258e-05	9.25308e-05	9.16157e-05	9.07716e-05	8.99903e-05	8.92648e-05	8.8589e-05	8.79574e-05	8.73655e-05	8.68091e-05	8.62847e-05	8.57893e-05	8.53204e-05	8.48756e-05	8.44531e-05	8.40512e-05	8.36685e-05	8.33039e-05	8.29563e-05	8.2625e-05	8.23092e-05	8.20082e-05	8.17216e-05	8.1449e-05	8.11899e-05	8.09441e-05	8.07112e-05	8.0491e-05	8.02832e-05	8.00878e-05	7.99045e-05	7.9733e-05	7.95733e-05	7.94252e-05	7.92885e-05	7.9163e-05	7.90486e-05	7.89451e-05	7.88523e-05	7.877e-05	7.8698e-05	7.86362e-05	7.85843e-05	7.85421e-05	7.85094e-05	7.8486e-05	7.84717e-05	7.84661e-05	7.84692e-05	7.84805e-05	7.85e-05	7.85273e-05	7.85622e-05	7.86045e-05	7.86541e-05	7.87119e-05	7.87786e-05	7.88545e-05	7.89399e-05	7.90353e-05	7.9141e-05	7.92574e-05	7.93848e-05	7.95237e-05	7.96744e-05	7.98373e-05	8.00128e-05	8.02011e-05	8.04027e-05	8.06178e-05	8.08468e-05	8.10899e-05	8.13474e-05	8.16195e-05	8.19065e-05	8.22086e-05	8.25257e-05	8.28582e-05	8.3206e-05	8.35692e-05	8.39477e-05	8.43415e-05	8.47505e-05	8.51746e-05	8.56136e-05	8.60672e-05	8.65353e-05	8.70175e-05	8.75135e-05	8.80231e-05	8.85459e-05	8.90817e-05	8.963e-05	9.01908e-05	9.07638e-05	9.13489e-05	9.19461e-05	9.25555e-05	9.31774e-05	9.38121e-05	9.44602e-05	9.51225e-05	9.58001e-05	9.64942e-05	9.72062e-05	9.7938e-05	9.86918e-05	9.94702e-05	0.000100276	0.000101114	0.000101987	0.000102903	0.000103869	0.000104895	0.000105995	0.000107188	0.000108497	0.000109956	0.000111606	0.000113502	0.000115718	0.000118353	0.00012155	0.000125534	0.000130663	0.000137489	0.00014681	0.000160486	0.000192727	
0.000248564	0.000209993	0.000192526	0.000171103	0.000156315	0.000145503	0.000137125	0.000130363	0.000124745	0.000119977	0.000115866	0.000112279	0.000109119	0.000106317	0.000103818	0.000101579	9.95668e-05	9.7752e-05	9.61107e-05	9.46221e-05	9.32682e-05	9.20335e-05	9.0904e-05	8.98678e-05	8.89141e-05	8.80335e-05	8.72178e-05	8.64597e-05	8.57529e-05	8.50919e-05	8.44717e-05	8.38883e-05	8.3338e-05	8.28177e-05	8.23247e-05	8.18566e-05	8.14116e-05	8.0988e-05	8.05842e-05	8.01991e-05	7.98317e-05	7.94811e-05	7.91466e-05	7.88275e-05	7.85233e-05	7.82337e-05	7.79581e-05	7.76963e-05	7.74479e-05	7.72129e-05	7.69908e-05	7.67816e-05	7.6585e-05	7.64008e-05	7.6229e-05	7.60693e-05	7.59215e-05	7.57856e-05	7.56612e-05	7.55483e-05	7.54467e-05	7.53561e-05	7.52764e-05	7.52074e-05	7.51488e-05	7.51005e-05	7.50622e-05	7.50336e-05	7.50147e-05	7.5005e-05	7.50045e-05	7.50127e-05	7.50295e-05	7.50546e-05	7.50877e-05	7.51286e-05	7.51772e-05	7.52345e-05	7.5301e-05	7.53772e-05	7.54634e-05	7.55599e-05	7.56673e-05	7.57858e-05	7.5916e-05	7.60581e-05	7.62126e-05	7.63799e-05	7.65602e-05	7.67541e-05	7.69618e-05	7.71837e-05	7.74201e-05	7.76712e-05	7.79374e-05	7.82189e-05	7.85159e-05	7.88285e-05	7.9157e-05	7.95014e-05	7.98618e-05	8.02383e-05	8.06307e-05	8.1039e-05	8.14632e-05	8.19031e-05	8.23584e-05	8.2829e-05	8.33146e-05	8.38149e-05	8.43296e-05	8.48583e-05	8.54009e-05	8.59568e-05	8.6526e-05	8.7108e-05	8.77028e-05	8.83103e-05	8.89304e-05	8.95633e-05	9.02093e-05	9.08687e-05	9.15424e-05	9.2231e-05	9.29357e-05	9.36578e-05	9.43989e-05	9.51609e-05	9.59461e-05	9.67572e-05	9.75975e-05	9.8471e-05	9.93825e-05	0.000100338	0.000101346	0.000102418	0.000103566	0.000104811	0.000106176	0.000107696	0.000109414	0.000111385	0.000113684	0.000116413	0.000119717	0.000123824	0.000129097	0.000136095	0.000145626	0.00015957	0.000192288	
0.000248564	0.000210148	0.000192348	0.000170594	0.000155556	0.000144544	0.000135999	0.000129093	0.000123348	0.000118466	0.000114252	0.000110571	0.000107326	0.000104445	0.000101873	9.95668e-05	9.74918e-05	9.56189e-05	9.39234e-05	9.23844e-05	9.09835e-05	8.97048e-05	8.85342e-05	8.74593e-05	8.64692e-05	8.55543e-05	8.47061e-05	8.39172e-05	8.3181e-05	8.2492e-05	8.18451e-05	8.1236e-05	8.0661e-05	8.01168e-05	7.96008e-05	7.91105e-05	7.8644e-05	7.81994e-05	7.77754e-05	7.73707e-05	7.69841e-05	7.66149e-05	7.62624e-05	7.59257e-05	7.56045e-05	7.52983e-05	7.50067e-05	7.47294e-05	7.44661e-05	7.42165e-05	7.39805e-05	7.37578e-05	7.35483e-05	7.33518e-05	7.31681e-05	7.2997e-05	7.28385e-05	7.26922e-05	7.25582e-05	7.24361e-05	7.23258e-05	7.22271e-05	7.21399e-05	7.20638e-05	7.19987e-05	7.19444e-05	7.19006e-05	7.18671e-05	7.18437e-05	7.18301e-05	7.1826e-05	7.18312e-05	7.18454e-05	7.18684e-05	7.18998e-05	7.19395e-05	7.19872e-05	7.20441e-05	7.21106e-05	7.21871e-05	7.22741e-05	7.23719e-05	7.24811e-05	7.26019e-05	7.27348e-05	7.28803e-05	7.30386e-05	7.32103e-05	7.33957e-05	7.35952e-05	7.38091e-05	7.40378e-05	7.42816e-05	7.45408e-05	7.48157e-05	7.51065e-05	7.54135e-05	7.57367e-05	7.60765e-05	7.64328e-05	7.68057e-05	7.71953e-05	7.76015e-05	7.80242e-05	7.84634e-05	7.89188e-05	7.93903e-05	7.98776e-05	8.03804e-05	8.08984e-05	8.14314e-05	8.19789e-05	8.25407e-05	8.31164e-05	8.37057e-05	8.43084e-05	8.49244e-05	8.55535e-05	8.61958e-05	8.68515e-05	8.75207e-05	8.82041e-05	8.89022e-05	8.96161e-05	9.03468e-05	9.10958e-05	9.18646e-05	9.26555e-05	9.34707e-05	9.4313e-05	9.51859e-05	9.60935e-05	9.70409e-05	9.80344e-05	9.90826e-05	0.000100196	0.00010139	0.000102683	0.000104102	0.000105679	0.000107459	0.000109499	0.000111876	0.000114691	0.000118094	0.000122314	0.000127718	0.000134874	0.000144594	0.000158778	0.000191927	
0.000248564	0.000210315	0.000192209	0.000170155	0.000154889	0.000143695	0.000134997	0.000127959	0.000122098	0.000117113	0.000112805	0.000109038	0.000105714	0.00010276	0.000100121	9.7752e-05	9.56189e-05	9.36918e-05	9.19459e-05	9.03597e-05	8.89148e-05	8.75948e-05	8.63855e-05	8.52742e-05	8.42498e-05	8.33025e-05	8.24236e-05	8.16055e-05	8.08415e-05	8.01259e-05	7.94535e-05	7.88199e-05	7.82213e-05	7.76545e-05	7.71165e-05	7.66049e-05	7.61177e-05	7.5653e-05	7.52095e-05	7.47858e-05	7.43808e-05	7.39937e-05	7.36236e-05	7.327e-05	7.29323e-05	7.261e-05	7.23028e-05	7.20104e-05	7.17325e-05	7.14688e-05	7.12192e-05	7.09833e-05	7.07612e-05	7.05525e-05	7.03572e-05	7.0175e-05	7.00059e-05	6.98496e-05	6.9706e-05	6.95749e-05	6.94562e-05	6.93495e-05	6.92548e-05	6.91719e-05	6.91004e-05	6.90402e-05	6.8991e-05	6.89527e-05	6.89249e-05	6.89074e-05	6.88999e-05	6.89022e-05	6.89139e-05	6.89348e-05	6.89647e-05	6.90032e-05	6.90501e-05	6.91066e-05	6.91731e-05	6.92501e-05	6.9338e-05	6.94372e-05	6.95482e-05	6.96714e-05	6.98071e-05	6.9956e-05	7.01183e-05	7.02944e-05	7.04849e-05	7.069e-05	7.09102e-05	7.11457e-05	7.1397e-05	7.16643e-05	7.19479e-05	7.2248e-05	7.25649e-05	7.28988e-05	7.32498e-05	7.36179e-05	7.40033e-05	7.44059e-05	7.48257e-05	7.52626e-05	7.57166e-05	7.61873e-05	7.66746e-05	7.71783e-05	7.7698e-05	7.82334e-05	7.87842e-05	7.93501e-05	7.99306e-05	8.05256e-05	8.11346e-05	8.17574e-05	8.23939e-05	8.3044e-05	8.37078e-05	8.43853e-05	8.5077e-05	8.57834e-05	8.65051e-05	8.72432e-05	8.79989e-05	8.87735e-05	8.9569e-05	9.03873e-05	9.1231e-05	9.21031e-05	9.3007e-05	9.39469e-05	9.49282e-05	9.59575e-05	9.70434e-05	9.81971e-05	9.94334e-05	0.000100772	0.00010224	0.00010387	0.000105709	0.000107814	0.000110262	0.000113158	0.000116651	0.000120974	0.000126499	0.000133797	0.000143689	0.00015809	0.000191628	
0.000248564	0.000210492	0.000192104	0.000169774	0.000154301	0.000142941	0.000134104	0.000126946	0.000120978	0.000115898	0.000111504	0.000107658	0.000104261	0.000101239	9.85373e-05	9.61107e-05	9.39234e-05	9.19459e-05	9.01528e-05	8.85226e-05	8.70363e-05	8.56776e-05	8.44319e-05	8.32863e-05	8.22295e-05	8.12516e-05	8.03436e-05	7.94978e-05	7.87075e-05	7.79666e-05	7.72699e-05	7.6613e-05	7.59919e-05	7.54033e-05	7.48442e-05	7.43122e-05	7.38051e-05	7.33212e-05	7.28588e-05	7.24168e-05	7.1994e-05	7.15895e-05	7.12025e-05	7.08324e-05	7.04786e-05	7.01408e-05	6.98184e-05	6.95113e-05	6.92191e-05	6.89416e-05	6.86786e-05	6.843e-05	6.81954e-05	6.79749e-05	6.77681e-05	6.75751e-05	6.73956e-05	6.72294e-05	6.70764e-05	6.69364e-05	6.68093e-05	6.66949e-05	6.65929e-05	6.65031e-05	6.64253e-05	6.63594e-05	6.6305e-05	6.62618e-05	6.62298e-05	6.62084e-05	6.61976e-05	6.6197e-05	6.62064e-05	6.62253e-05	6.62536e-05	6.6291e-05	6.63372e-05	6.63934e-05	6.646e-05	6.65375e-05	6.66264e-05	6.6727e-05	6.68399e-05	6.69654e-05	6.71041e-05	6.72564e-05	6.74227e-05	6.76034e-05	6.77989e-05	6.80097e-05	6.82362e-05	6.84786e-05	6.87373e-05	6.90127e-05	6.9305e-05	6.96144e-05	6.99412e-05	7.02856e-05	7.06477e-05	7.10276e-05	7.14253e-05	7.18408e-05	7.22741e-05	7.2725e-05	7.31935e-05	7.36793e-05	7.41823e-05	7.4702e-05	7.52383e-05	7.57907e-05	7.6359e-05	7.69427e-05	7.75415e-05	7.81552e-05	7.87833e-05	7.94256e-05	8.0082e-05	8.07524e-05	8.14369e-05	8.21356e-05	8.28489e-05	8.35774e-05	8.43218e-05	8.50831e-05	8.58626e-05	8.66619e-05	8.74827e-05	8.83273e-05	8.91982e-05	9.00985e-05	9.10317e-05	9.20024e-05	9.30158e-05	9.40788e-05	9.52002e-05	9.63916e-05	9.7668e-05	9.90496e-05	0.000100563	0.000102244	0.000104137	0.000106302	0.000108816	0.000111786	0.000115362	0.000119781	0.000125416	0.000132844	0.000142892	0.00015749	0.000191382	
0.000248564	0.000210678	0.000192029	0.000169446	0.000153782	0.000142269	0.000133305	0.000126036	0.000119972	0.000114804	0.00011033	0.000106411	0.000102946	9.98626e-05	9.71027e-05	9.46221e-05	9.23844e-05	9.03597e-05	8.85226e-05	8.6851e-05	8.5326e-05	8.39309e-05	8.26509e-05	8.1473e-05	8.03856e-05	7.93787e-05	7.84432e-05	7.75711e-05	7.67557e-05	7.59907e-05	7.52709e-05	7.45917e-05	7.39491e-05	7.33396e-05	7.27604e-05	7.22087e-05	7.16825e-05	7.118e-05	7.06995e-05	7.02398e-05	6.97997e-05	6.93784e-05	6.89749e-05	6.85888e-05	6.82195e-05	6.78664e-05	6.75293e-05	6.72078e-05	6.69017e-05	6.66107e-05	6.63347e-05	6.60734e-05	6.58267e-05	6.55945e-05	6.53765e-05	6.51727e-05	6.4983e-05	6.48071e-05	6.46448e-05	6.44962e-05	6.43608e-05	6.42386e-05	6.41294e-05	6.40329e-05	6.3949e-05	6.38773e-05	6.38177e-05	6.37699e-05	6.37336e-05	6.37085e-05	6.36945e-05	6.36911e-05	6.3698e-05	6.37151e-05	6.37419e-05	6.37782e-05	6.38238e-05	6.38797e-05	6.39464e-05	6.40245e-05	6.41143e-05	6.42164e-05	6.43313e-05	6.44593e-05	6.46009e-05	6.47567e-05	6.4927e-05	6.51122e-05	6.53129e-05	6.55294e-05	6.57621e-05	6.60114e-05	6.62776e-05	6.6561e-05	6.6862e-05	6.71807e-05	6.75174e-05	6.78722e-05	6.82454e-05	6.86369e-05	6.90467e-05	6.9475e-05	6.99216e-05	7.03863e-05	7.08692e-05	7.13698e-05	7.1888e-05	7.24235e-05	7.2976e-05	7.35451e-05	7.41304e-05	7.47315e-05	7.53482e-05	7.598e-05	7.66266e-05	7.72878e-05	7.79635e-05	7.86535e-05	7.9358e-05	8.00771e-05	8.08112e-05	8.1561e-05	8.23271e-05	8.31107e-05	8.39131e-05	8.47358e-05	8.55808e-05	8.64504e-05	8.73472e-05	8.82743e-05	8.92354e-05	9.02352e-05	9.1279e-05	9.23739e-05	9.35288e-05	9.47555e-05	9.60695e-05	9.74913e-05	9.90481e-05	0.000100775	0.000102719	0.00010494	0.000107516	0.000110554	0.000114207	0.000118713	0.000124449	0.000131996	0.000142187	0.000156964	0.000191179	
0.000248564	0.000210871	0.000191979	0.000169162	0.000153322	0.00014167	0.000132588	0.000125218	0.000119064	0.000113815	0.000109268	0.000105281	0.000101755	9.8613e-05	9.57992e-05	9.32682e-05	9.09835e-05	8.89148e-05	8.70363e-05	8.5326e-05	8.37646e-05	8.23352e-05	8.10229e-05	7.98144e-05	7.86982e-05	7.76638e-05	7.67021e-05	7.58051e-05	7.49658e-05	7.41779e-05	7.3436e-05	7.27355e-05	7.20723e-05	7.14429e-05	7.08442e-05	7.02736e-05	6.97291e-05	6.92086e-05	6.87106e-05	6.82338e-05	6.7777e-05	6.73393e-05	6.69199e-05	6.65182e-05	6.61337e-05	6.57658e-05	6.54143e-05	6.50788e-05	6.4759e-05	6.44548e-05	6.41659e-05	6.38923e-05	6.36336e-05	6.33899e-05	6.31609e-05	6.29466e-05	6.27468e-05	6.25612e-05	6.23899e-05	6.22326e-05	6.20891e-05	6.19593e-05	6.1843e-05	6.17399e-05	6.16498e-05	6.15725e-05	6.15077e-05	6.14553e-05	6.14148e-05	6.13861e-05	6.13688e-05	6.13626e-05	6.13673e-05	6.13824e-05	6.14078e-05	6.14431e-05	6.14881e-05	6.15437e-05	6.16106e-05	6.16893e-05	6.17802e-05	6.18838e-05	6.20006e-05	6.21311e-05	6.22757e-05	6.2435e-05	6.26093e-05	6.27992e-05	6.3005e-05	6.32272e-05	6.34662e-05	6.37224e-05	6.3996e-05	6.42875e-05	6.45971e-05	6.4925e-05	6.52715e-05	6.56367e-05	6.60208e-05	6.64238e-05	6.68457e-05	6.72866e-05	6.77462e-05	6.82246e-05	6.87215e-05	6.92367e-05	6.977e-05	7.03209e-05	7.08892e-05	7.14745e-05	7.20765e-05	7.26946e-05	7.33286e-05	7.3978e-05	7.46427e-05	7.53222e-05	7.60165e-05	7.67255e-05	7.74492e-05	7.81879e-05	7.89421e-05	7.97122e-05	8.04992e-05	8.13042e-05	8.21284e-05	8.29736e-05	8.38417e-05	8.47351e-05	8.56565e-05	8.66091e-05	8.75967e-05	8.86239e-05	8.96965e-05	9.08215e-05	9.2008e-05	9.32681e-05	9.46174e-05	9.60769e-05	9.7674e-05	9.94448e-05	0.000101436	0.000103709	0.000106342	0.000109444	0.000113168	0.000117754	0.000123583	0.000131239	0.00014156	0.0001565	0.000191011	
0.000248564	0.000211068	0.00019195	0.000168916	0.000152915	0.000141133	0.000131944	0.00012448	0.000118243	0.00011292	0.000108304	0.000104255	0.000100671	9.74754e-05	9.46114e-05	9.20335e-05	8.97048e-05	8.75948e-05	8.56776e-05	8.39309e-05	8.23352e-05	8.08735e-05	7.95306e-05	7.82933e-05	7.71497e-05	7.60892e-05	7.51027e-05	7.4182e-05	7.33199e-05	7.25101e-05	7.17472e-05	7.10263e-05	7.03433e-05	6.96947e-05	6.90773e-05	6.84886e-05	6.79263e-05	6.73885e-05	6.68736e-05	6.63802e-05	6.59072e-05	6.54536e-05	6.50187e-05	6.46019e-05	6.42025e-05	6.38202e-05	6.34545e-05	6.31053e-05	6.27722e-05	6.2455e-05	6.21536e-05	6.18677e-05	6.15974e-05	6.13423e-05	6.11025e-05	6.08777e-05	6.06679e-05	6.04729e-05	6.02926e-05	6.01267e-05	5.99752e-05	5.98378e-05	5.97144e-05	5.96048e-05	5.95086e-05	5.94257e-05	5.93559e-05	5.92988e-05	5.92542e-05	5.92219e-05	5.92014e-05	5.91925e-05	5.91949e-05	5.92082e-05	5.92322e-05	5.92665e-05	5.93108e-05	5.93663e-05	5.94334e-05	5.95127e-05	5.96047e-05	5.97098e-05	5.98287e-05	5.99617e-05	6.01093e-05	6.02721e-05	6.04505e-05	6.06449e-05	6.08559e-05	6.10839e-05	6.13291e-05	6.15921e-05	6.18732e-05	6.21727e-05	6.24909e-05	6.2828e-05	6.31842e-05	6.35597e-05	6.39547e-05	6.4369e-05	6.48029e-05	6.52561e-05	6.57287e-05	6.62205e-05	6.67313e-05	6.72608e-05	6.78088e-05	6.83748e-05	6.89586e-05	6.95598e-05	7.01779e-05	7.08126e-05	7.14634e-05	7.213e-05	7.28121e-05	7.35093e-05	7.42216e-05	7.49489e-05	7.56913e-05	7.64489e-05	7.72223e-05	7.80121e-05	7.88191e-05	7.96444e-05	8.04896e-05	8.13562e-05	8.22464e-05	8.31624e-05	8.41072e-05	8.5084e-05	8.60967e-05	8.71501e-05	8.82498e-05	8.94032e-05	9.06195e-05	9.1911e-05	9.32935e-05	9.47884e-05	9.64233e-05	9.82349e-05	0.00010027	0.000102591	0.000105278	0.000108438	0.000112228	0.000116889	0.000122803	0.000130559	0.000140999	0.000156089	0.000190872	
