0.00755422	0.00755422	0.00755422	0.00755422	0.00755422	0.00755422	0.00755422	0.00755422	0.00755422	0.00755422	0.00755422	0.00755422	0.00755422	0.00755422	0.00755422	0.00755422	0.00755422	0.00755422	0.00755422	0.00755422	0.00755422	0.00755422	0.00755422	0.00755422	0.00755422	0.00755422	0.00755422	0.00755422	0.00755422	0.00755422	0.00755422	0.00755422	0.00755422	0.00755422	0.00755422	0.00755422	0.00755422	0.00755422	0.00755422	0.00755422	0.00755422	0.00755422	0.00755422	0.00755422	0.00755422	0.00755422	0.00755422	0.00755422	0.00755422	0.00755422	0.00755422	0.00755422	0.00755422	0.00755422	0.00755422	0.00755422	0.00755422	0.00755422	0.00755422	0.00755422	0.00755422	0.00755422	0.00755422	0.00755422	0.00755422	0.00755422	0.00755422	0.00755422	0.00755422	0.00755422	0.00755422	0.00755422	0.00755422	0.00755422	0.00755422	0.00755422	0.00755422	0.00755422	0.00755422	0.00755422	0.00755422	0.00755422	0.00755422	0.00755422	0.00755422	0.00755422	0.00755422	0.00755422	0.00755422	0.00755422	0.00755422	0.00755422	0.00755422	0.00755422	0.00755422	0.00755422	0.00755422	0.00755422	0.00755422	0.00755422	0.00755422	0.00755422	0.00755422	0.00755422	0.00755422	0.00755422	0.00755422	0.00755422	0.00755422	0.00755422	0.00755422	0.00755422	0.00755422	0.00755422	0.00755422	0.00755422	0.00755422	0.00755422	0.00755422	0.00755422	0.00755422	0.00755422	0.00755422	0.00755422	0.00755422	0.00755422	0.00755422	0.00755422	0.00755422	0.00755422	0.00755422	0.00755422	0.00755422	0.00755422	0.00755422	0.00755422	0.00755422	0.00755422	0.00755422	0.00755422	0.00755422	0.00755422	0.00755422	0.00755422	0.00755422	0.00755422	0.00755422	0.00755422	0.00755422	0.00755422	0.00755422	
0.00755422	0.00288062	0.0023825	0.00214066	0.00198812	0.00188247	0.00180542	0.00174887	0.00170901	0.00168298	0.00166616	0.00165526	0.00164827	0.00164395	0.00164145	0.00164017	0.00163987	0.00164043	0.00164145	0.00164265	0.00164398	0.00164537	0.00164692	0.00164867	0.00165059	0.00165266	0.00165481	0.00165701	0.00165926	0.00166151	0.00166378	0.00166608	0.00166843	0.00167078	0.00167313	0.00167551	0.00167789	0.0016803	0.00168274	0.00168519	0.00168767	0.00169018	0.00169274	0.00169531	0.00169792	0.00170052	0.00170311	0.00170565	0.00170815	0.0017106	0.00171298	0.00171531	0.00171759	0.00171983	0.00172202	0.00172417	0.00172632	0.00172845	0.00173058	0.00173269	0.00173478	0.00173686	0.00173893	0.00174098	0.00174303	0.00174508	0.00174712	0.00174914	0.00175114	0.00175312	0.00175507	0.001757	0.00175892	0.00176081	0.00176268	0.00176453	0.00176639	0.00176827	0.00177019	0.00177213	0.00177411	0.00177611	0.00177816	0.00178023	0.00178235	0.00178452	0.00178677	0.00178908	0.00179141	0.00179378	0.00179619	0.00179861	0.00180107	0.00180354	0.00180605	0.00180858	0.00181116	0.00181379	0.00181646	0.00181916	0.00182188	0.00182463	0.00182742	0.00183023	0.00183309	0.001836	0.00183901	0.00184216	0.00184549	0.00184905	0.00185276	0.00185655	0.00186045	0.00186444	0.00186851	0.00187266	0.00187688	0.00188118	0.00188557	0.00189006	0.00189465	0.00189939	0.00190432	0.00190949	0.00191498	0.00192089	0.00192728	0.00193422	0.00194182	0.00195018	0.00195943	0.0019695	0.00198041	0.00199206	0.00200438	0.00201753	0.00203182	0.00204766	0.00206552	0.00208684	0.00211454	0.00215089	0.00219814	0.00225863	0.00233678	0.00243898	0.00257214	0.00275352	0.00302406	0.00349178	0.00446104	
0.00755422	0.0023825	0.00192758	0.00170351	0.0015659	0.00147269	0.00140766	0.00136379	0.00133596	0.00131799	0.00130668	0.00129921	0.00129421	0.00129109	0.00128921	0.00128813	0.00128762	0.00128764	0.00128805	0.00128881	0.00128987	0.00129119	0.00129269	0.00129435	0.00129612	0.00129801	0.00130004	0.00130211	0.00130418	0.00130622	0.00130822	0.00131018	0.00131211	0.00131406	0.00131603	0.00131806	0.00132018	0.00132234	0.00132457	0.00132683	0.00132913	0.00133147	0.00133383	0.0013362	0.00133859	0.00134098	0.00134338	0.00134578	0.00134819	0.00135059	0.00135301	0.00135543	0.00135784	0.00136023	0.00136259	0.00136493	0.00136722	0.00136948	0.00137172	0.00137391	0.00137609	0.00137823	0.00138034	0.00138243	0.00138452	0.00138659	0.00138865	0.00139071	0.00139275	0.0013948	0.00139683	0.00139886	0.00140087	0.00140288	0.00140487	0.00140684	0.00140881	0.00141082	0.00141289	0.00141499	0.00141713	0.0014193	0.00142151	0.00142376	0.00142604	0.00142836	0.00143072	0.00143312	0.00143558	0.0014381	0.00144067	0.00144329	0.00144598	0.00144874	0.00145156	0.00145443	0.00145736	0.00146035	0.00146339	0.00146647	0.00146963	0.00147285	0.00147617	0.00147961	0.0014832	0.00148693	0.0014908	0.0014948	0.00149893	0.00150316	0.00150749	0.00151194	0.00151649	0.00152117	0.00152598	0.00153093	0.00153604	0.00154132	0.00154679	0.0015525	0.00155849	0.0015648	0.00157147	0.00157857	0.00158614	0.00159427	0.00160301	0.00161238	0.00162233	0.00163286	0.00164404	0.00165593	0.0016685	0.00168188	0.00169647	0.00171243	0.00172996	0.00174951	0.00177182	0.00179922	0.00183398	0.00187873	0.00193491	0.00200597	0.00209642	0.00220913	0.00235355	0.00254743	0.00283095	0.00331751	0.00429893	
0.00755422	0.00214066	0.00170351	0.00149171	0.00136075	0.00127743	0.00122355	0.00118743	0.00116439	0.00114894	0.00113749	0.00112855	0.00112131	0.00111552	0.00111098	0.00110746	0.0011049	0.00110329	0.00110254	0.00110241	0.00110281	0.00110352	0.00110443	0.00110541	0.00110643	0.00110749	0.00110858	0.00110968	0.0011108	0.00111195	0.00111314	0.00111442	0.00111582	0.00111731	0.00111894	0.00112067	0.00112252	0.00112447	0.00112651	0.00112861	0.00113074	0.00113289	0.00113505	0.00113722	0.00113937	0.00114152	0.00114364	0.00114574	0.00114781	0.00114987	0.0011519	0.00115391	0.00115592	0.0011579	0.00115987	0.00116184	0.00116379	0.00116575	0.00116771	0.00116966	0.00117163	0.0011736	0.00117556	0.00117752	0.00117948	0.00118143	0.00118338	0.00118532	0.00118727	0.00118922	0.00119118	0.00119313	0.00119509	0.00119703	0.00119896	0.00120088	0.00120281	0.0012048	0.00120686	0.00120897	0.00121113	0.00121334	0.00121561	0.00121792	0.00122026	0.00122264	0.00122506	0.00122752	0.00123001	0.00123255	0.00123512	0.00123772	0.00124035	0.00124303	0.00124574	0.0012485	0.00125132	0.00125419	0.00125712	0.00126015	0.00126336	0.00126684	0.00127045	0.00127415	0.00127795	0.00128185	0.00128585	0.00128996	0.00129418	0.00129851	0.001303	0.00130762	0.0013124	0.00131734	0.00132245	0.00132776	0.00133325	0.00133901	0.00134502	0.00135133	0.00135798	0.001365	0.00137242	0.00138028	0.0013886	0.00139746	0.00140687	0.00141687	0.00142752	0.00143887	0.00145091	0.00146364	0.00147708	0.00149168	0.00150769	0.00152537	0.001545	0.00156678	0.00159168	0.00162249	0.00166182	0.00171157	0.00177299	0.00184953	0.00194379	0.00206273	0.00221542	0.0024164	0.00270679	0.00320882	0.00420092	
0.00755422	0.00198812	0.0015659	0.00136075	0.00124101	0.00116621	0.0011173	0.00108679	0.00106576	0.00104993	0.00103738	0.00102695	0.00101804	0.00101033	0.00100375	0.000998506	0.000994837	0.000992291	0.00099058	0.000989517	0.000988925	0.000988682	0.000988714	0.000988933	0.00098925	0.000989641	0.000990089	0.000990588	0.000991142	0.000991748	0.000992467	0.000993335	0.000994472	0.000995856	0.000997372	0.000998956	0.00100059	0.00100226	0.00100397	0.00100567	0.0010074	0.00100915	0.00101091	0.00101266	0.00101443	0.00101619	0.00101793	0.00101965	0.00102137	0.00102307	0.00102477	0.00102645	0.00102812	0.00102978	0.00103144	0.0010331	0.00103476	0.00103643	0.0010381	0.00103979	0.0010415	0.00104323	0.00104498	0.00104676	0.00104855	0.00105036	0.00105217	0.001054	0.00105583	0.00105766	0.00105949	0.00106131	0.00106314	0.00106498	0.00106681	0.00106865	0.00107049	0.0010724	0.00107438	0.00107641	0.00107848	0.0010806	0.00108277	0.00108499	0.00108726	0.00108959	0.00109196	0.00109437	0.00109682	0.0010993	0.00110182	0.00110438	0.00110699	0.00110967	0.00111241	0.00111522	0.00111813	0.00112114	0.00112425	0.0011275	0.00113089	0.00113439	0.00113797	0.00114165	0.00114541	0.00114927	0.00115324	0.00115731	0.00116148	0.00116578	0.00117021	0.00117479	0.00117954	0.00118445	0.00118955	0.00119485	0.0012004	0.00120622	0.00121233	0.00121875	0.00122552	0.0012327	0.00124029	0.00124835	0.00125693	0.00126605	0.00127575	0.00128613	0.00129725	0.00130913	0.00132172	0.00133506	0.0013493	0.00136512	0.00138263	0.00140182	0.00142284	0.00144602	0.00147289	0.00150643	0.00154914	0.00160173	0.00166612	0.00174497	0.00184234	0.0019662	0.0021231	0.00232834	0.002624	0.00313616	0.00413566	
0.00755422	0.00188247	0.00147269	0.00127743	0.00116621	0.00109659	0.00105179	0.00102149	0.00099986	0.000983239	0.000969858	0.00095862	0.000948974	0.000940496	0.000933149	0.000927034	0.000922054	0.000918218	0.000915341	0.000913218	0.000911696	0.000910592	0.00090984	0.000909348	0.000909062	0.000908923	0.000908871	0.000908933	0.000909091	0.000909336	0.0009097	0.00091024	0.000911014	0.000911941	0.000912983	0.000914107	0.000915265	0.000916444	0.000917647	0.000918896	0.000920158	0.000921438	0.000922742	0.000924059	0.000925384	0.000926717	0.000928068	0.000929433	0.000930801	0.000932184	0.000933587	0.000934995	0.000936417	0.000937847	0.00093929	0.00094075	0.000942213	0.00094368	0.000945167	0.000946666	0.000948179	0.000949702	0.000951244	0.000952809	0.000954391	0.000955979	0.00095758	0.000959193	0.000960823	0.00096247	0.000964135	0.000965823	0.000967527	0.000969245	0.000970965	0.000972695	0.000974449	0.000976292	0.00097822	0.000980212	0.000982257	0.000984356	0.000986508	0.00098872	0.000990985	0.000993305	0.000995668	0.000998073	0.00100052	0.001003	0.00100553	0.0010081	0.00101072	0.00101339	0.00101614	0.00101894	0.00102181	0.00102476	0.00102781	0.00103095	0.00103422	0.00103759	0.00104106	0.00104462	0.0010483	0.00105209	0.00105599	0.00106003	0.00106421	0.00106854	0.00107302	0.00107765	0.00108244	0.00108742	0.00109259	0.00109798	0.0011036	0.00110947	0.00111561	0.00112207	0.00112884	0.00113601	0.00114362	0.00115171	0.00116037	0.00116966	0.00117963	0.00119039	0.00120193	0.00121419	0.00122721	0.00124105	0.00125626	0.00127319	0.00129175	0.00131192	0.00133389	0.00135823	0.00138679	0.00142239	0.00146715	0.00152139	0.00158767	0.0016682	0.00176961	0.00189657	0.00205611	0.00226406	0.00256392	0.00308245	0.00408667	
0.00755422	0.00180542	0.00140766	0.00122355	0.0011173	0.00105179	0.001007	0.000975896	0.000953315	0.000935881	0.000921677	0.000909655	0.000899157	0.000889906	0.000881835	0.000874941	0.000869165	0.000864443	0.000860657	0.00085767	0.000855337	0.000853534	0.000852147	0.000851087	0.000850238	0.000849568	0.000849014	0.000848572	0.000848232	0.000848007	0.000847907	0.000847947	0.000848188	0.000848582	0.000849088	0.000849696	0.000850376	0.000851101	0.000851861	0.000852654	0.00085349	0.00085436	0.000855255	0.000856183	0.000857142	0.000858136	0.000859141	0.000860179	0.000861239	0.000862324	0.000863439	0.000864583	0.000865749	0.000866936	0.00086813	0.000869341	0.00087057	0.000871818	0.000873093	0.000874386	0.000875701	0.000877035	0.000878394	0.000879776	0.000881175	0.000882593	0.000884032	0.000885497	0.000886981	0.000888496	0.000890038	0.000891602	0.000893187	0.000894789	0.000896403	0.000898043	0.000899724	0.000901507	0.000903375	0.000905306	0.000907309	0.00090939	0.000911548	0.000913772	0.000916049	0.000918383	0.000920761	0.000923183	0.00092565	0.000928164	0.000930714	0.000933311	0.000935952	0.000938635	0.00094137	0.000944161	0.00094701	0.000949924	0.000952927	0.000956018	0.000959201	0.000962497	0.000965889	0.000969374	0.000972953	0.000976653	0.000980469	0.000984424	0.000988533	0.000992801	0.000997243	0.00100187	0.00100668	0.00101169	0.0010169	0.00102233	0.00102803	0.00103399	0.00104024	0.0010468	0.0010537	0.00106098	0.00106871	0.00107695	0.00108579	0.00109528	0.00110546	0.00111637	0.00112808	0.0011406	0.00115398	0.00116859	0.00118462	0.00120217	0.00122131	0.00124211	0.00126488	0.00129057	0.00132067	0.00135751	0.00140341	0.00145908	0.00152704	0.00161025	0.00171482	0.00184419	0.00200546	0.00221531	0.00251842	0.00304062	0.00404808	
0.00755422	0.00174887	0.00136379	0.00118743	0.00108679	0.00102149	0.000975896	0.000943368	0.000919204	0.000900543	0.000885325	0.000872417	0.000861177	0.000851249	0.000842596	0.000835175	0.000828827	0.000823512	0.000819104	0.000815458	0.000812483	0.000810036	0.000808042	0.000806376	0.00080497	0.000803736	0.000802647	0.000801677	0.000800845	0.00080014	0.00079955	0.000799092	0.000798791	0.000798698	0.000798742	0.000798902	0.000799153	0.000799484	0.000799863	0.000800298	0.000800765	0.000801283	0.000801855	0.000802452	0.000803089	0.00080377	0.000804486	0.000805232	0.000806013	0.000806831	0.000807669	0.000808533	0.00080944	0.000810378	0.000811342	0.000812326	0.000813329	0.000814351	0.000815396	0.000816465	0.000817559	0.000818681	0.00081983	0.000821013	0.000822224	0.000823469	0.000824744	0.000826047	0.000827388	0.000828774	0.000830203	0.000831665	0.000833162	0.000834688	0.000836244	0.00083783	0.000839486	0.000841266	0.000843131	0.000845069	0.000847078	0.00084915	0.000851282	0.00085347	0.000855711	0.000858005	0.000860344	0.000862731	0.000865165	0.000867645	0.000870179	0.000872776	0.000875427	0.000878118	0.000880857	0.000883648	0.000886492	0.000889407	0.000892402	0.000895478	0.000898638	0.00090189	0.000905251	0.00090872	0.000912284	0.000915947	0.00091973	0.000923634	0.000927671	0.000931853	0.000936201	0.000940739	0.000945475	0.000950442	0.000955642	0.000961092	0.000966811	0.000972823	0.000979137	0.000985775	0.000992794	0.00100026	0.00100824	0.00101678	0.00102588	0.0010356	0.00104598	0.00105705	0.0010689	0.00108165	0.0010955	0.00111058	0.001127	0.00114489	0.00116444	0.00118576	0.00120944	0.00123628	0.00126764	0.00130555	0.00135232	0.00140956	0.00147908	0.00156511	0.00167222	0.0018034	0.00196602	0.00217723	0.00248288	0.00300704	0.00401708	
0.00755422	0.00170901	0.00133596	0.00116439	0.00106576	0.00099986	0.000953315	0.000919204	0.000893442	0.000873447	0.000857182	0.000843483	0.00083154	0.000821085	0.000811973	0.00080406	0.000797243	0.000791438	0.000786495	0.000782303	0.000778728	0.000775702	0.000773102	0.000770884	0.000768931	0.000767189	0.000765632	0.000764206	0.000762923	0.000761786	0.000760797	0.000759977	0.000759324	0.000758831	0.000758482	0.000758275	0.000758159	0.000758111	0.000758128	0.000758197	0.000758317	0.000758483	0.000758705	0.000758989	0.000759312	0.000759695	0.000760122	0.000760586	0.000761091	0.000761628	0.000762204	0.000762819	0.000763473	0.000764171	0.000764911	0.000765686	0.000766497	0.000767336	0.000768202	0.000769095	0.000770017	0.000770969	0.000771952	0.000772957	0.000773991	0.000775062	0.000776169	0.000777316	0.00077851	0.000779752	0.000781046	0.000782387	0.000783783	0.000785225	0.000786717	0.000788263	0.000789904	0.000791681	0.000793557	0.000795502	0.000797506	0.000799572	0.000801692	0.000803862	0.000806081	0.000808347	0.000810656	0.000813008	0.000815407	0.00081786	0.000820362	0.000822912	0.000825507	0.000828164	0.00083088	0.000833659	0.000836504	0.000839422	0.000842414	0.000845482	0.00084863	0.000851857	0.000855181	0.000858614	0.00086218	0.000865849	0.000869618	0.00087349	0.000877485	0.000881615	0.000885911	0.000890385	0.000895064	0.000899985	0.000905147	0.000910584	0.0009163	0.000922321	0.000928671	0.00093541	0.00094261	0.000950302	0.000958505	0.000967229	0.000976523	0.000986432	0.000996983	0.00100824	0.00102029	0.0010333	0.00104745	0.00106278	0.00107941	0.00109753	0.00111741	0.00113927	0.00116375	0.00119151	0.00122392	0.00126288	0.00131065	0.0013692	0.00144033	0.00152903	0.00163793	0.0017705	0.00193416	0.00214648	0.00245441	0.00297965	0.00399181	
0.00755422	0.00168298	0.00131799	0.00114894	0.00104993	0.000983239	0.000935881	0.000900543	0.000873447	0.000852207	0.000834949	0.000820425	0.000807859	0.000796972	0.000787433	0.000779116	0.000771869	0.000765562	0.000760118	0.000755409	0.000751311	0.000747727	0.000744624	0.000741893	0.000739455	0.000737281	0.000735317	0.000733516	0.000731882	0.000730435	0.000729154	0.000728043	0.000727085	0.000726285	0.000725615	0.000725059	0.000724603	0.000724223	0.000723904	0.000723653	0.000723449	0.000723302	0.000723212	0.000723168	0.000723186	0.000723247	0.000723378	0.000723564	0.000723792	0.000724057	0.000724363	0.000724708	0.000725101	0.000725548	0.000726048	0.000726616	0.000727219	0.000727862	0.000728543	0.000729265	0.000730024	0.00073082	0.000731649	0.00073251	0.000733406	0.000734342	0.000735333	0.000736373	0.000737458	0.000738588	0.000739768	0.000741015	0.000742325	0.000743696	0.000745131	0.000746648	0.000748273	0.000750038	0.000751886	0.000753805	0.000755793	0.000757843	0.000759941	0.000762091	0.000764291	0.000766543	0.000768841	0.000771189	0.000773584	0.000776024	0.000778517	0.000781053	0.000783643	0.000786297	0.000789007	0.000791777	0.000794608	0.000797515	0.000800489	0.000803532	0.000806647	0.000809839	0.000813119	0.000816499	0.000819992	0.000823619	0.000827371	0.000831252	0.000835261	0.000839423	0.000843752	0.000848263	0.000852976	0.000857906	0.000863084	0.000868524	0.000874239	0.000880283	0.000886695	0.000893534	0.000900829	0.000908603	0.00091688	0.000925703	0.000935109	0.000945128	0.000955791	0.000967237	0.000979487	0.000992719	0.00100706	0.00102262	0.00103949	0.00105787	0.001078	0.00110039	0.00112555	0.00115404	0.00118739	0.00122751	0.00127627	0.00133592	0.00140872	0.00149933	0.00160961	0.00174319	0.00190759	0.00212113	0.00243097	0.00295668	0.00397098	
0.00755422	0.00166616	0.00130668	0.00113749	0.00103738	0.000969858	0.000921677	0.000885325	0.000857182	0.000834949	0.000816889	0.000801772	0.000788729	0.000777396	0.000767419	0.000758676	0.000750968	0.000744212	0.000738268	0.000733094	0.000728533	0.000724478	0.000720895	0.00071771	0.000714852	0.000712274	0.00070996	0.000707858	0.000705935	0.000704207	0.000702644	0.000701248	0.000700015	0.000698924	0.000697979	0.000697144	0.000696404	0.000695728	0.000695132	0.000694607	0.000694135	0.000693706	0.000693347	0.000693033	0.000692777	0.000692563	0.000692408	0.000692315	0.000692271	0.000692277	0.00069233	0.000692429	0.00069258	0.000692787	0.00069305	0.000693383	0.000693772	0.00069422	0.000694714	0.000695251	0.000695834	0.000696461	0.000697128	0.000697835	0.000698588	0.000699398	0.000700264	0.000701183	0.000702153	0.000703176	0.00070426	0.000705418	0.000706661	0.000707985	0.00070939	0.000710896	0.00071252	0.00071426	0.000716072	0.000717954	0.000719905	0.000721935	0.000724028	0.000726181	0.000728381	0.000730631	0.000732925	0.000735267	0.000737663	0.000740109	0.000742608	0.000745153	0.00074775	0.000750401	0.000753103	0.000755866	0.000758706	0.000761616	0.00076458	0.000767616	0.000770718	0.000773905	0.000777175	0.000780543	0.000784018	0.000787609	0.000791351	0.000795236	0.00079927	0.000803469	0.000807836	0.000812396	0.000817148	0.00082212	0.000827324	0.000832829	0.00083865	0.000844788	0.000851279	0.000858172	0.00086551	0.000873315	0.000881601	0.000890442	0.00089988	0.000909947	0.000920754	0.000932359	0.000944782	0.000958206	0.00097276	0.000988558	0.00100573	0.00102437	0.00104485	0.0010677	0.00109328	0.00112234	0.00115657	0.00119775	0.00124745	0.00130805	0.00138239	0.00147439	0.00158559	0.00171989	0.00188501	0.00209953	0.00241096	0.00293711	0.00395355	
0.00755422	0.00165526	0.00129921	0.00112855	0.00102695	0.00095862	0.000909655	0.000872417	0.000843483	0.000820425	0.000801772	0.000786167	0.00077275	0.000761051	0.000750721	0.000741596	0.000733502	0.000726307	0.0007199	0.000714241	0.000709231	0.000704767	0.000700787	0.00069722	0.000693993	0.000691082	0.000688444	0.00068603	0.000683812	0.000681789	0.000679956	0.000678304	0.000676853	0.000675528	0.000674329	0.000673225	0.000672218	0.000671286	0.000670427	0.000669647	0.000668931	0.000668269	0.000667661	0.000667112	0.000666621	0.000666182	0.000665796	0.000665469	0.000665198	0.000664978	0.000664817	0.000664704	0.00066464	0.000664627	0.000664675	0.00066479	0.000664963	0.000665206	0.000665501	0.000665843	0.000666251	0.000666711	0.000667228	0.000667787	0.000668386	0.000669038	0.000669754	0.000670535	0.00067138	0.000672293	0.000673283	0.00067436	0.000675533	0.000676813	0.000678197	0.000679698	0.000681321	0.000683057	0.000684866	0.000686743	0.000688673	0.000690652	0.000692694	0.000694812	0.000696995	0.000699233	0.000701532	0.000703877	0.000706269	0.00070871	0.000711202	0.000713751	0.000716356	0.000719017	0.000721741	0.000724542	0.000727408	0.00073033	0.00073332	0.000736378	0.000739506	0.000742709	0.000745996	0.000749374	0.000752858	0.000756448	0.000760169	0.000764041	0.000768077	0.000772278	0.000776653	0.00078123	0.000786015	0.000791055	0.000796363	0.000801964	0.000807862	0.000814067	0.000820622	0.000827591	0.000834987	0.000842855	0.000851212	0.000860077	0.000869513	0.000879665	0.000890598	0.000902334	0.000914956	0.000928623	0.000943428	0.000959481	0.000976883	0.000995809	0.00101666	0.00103982	0.00106574	0.00109531	0.00113019	0.00117226	0.00122282	0.00128429	0.00135994	0.00145289	0.00156477	0.00169966	0.00186548	0.00208078	0.00239358	0.00292013	0.00393867	
0.00755422	0.00164827	0.00129421	0.00112131	0.00101804	0.000948974	0.000899157	0.000861177	0.00083154	0.000807859	0.000788729	0.00077275	0.000759008	0.000747025	0.000736446	0.000727013	0.000718554	0.000710964	0.000704165	0.000698085	0.000692672	0.000687858	0.000683533	0.000679636	0.000676093	0.000672879	0.000669948	0.000667244	0.000664755	0.000662456	0.000660353	0.000658434	0.000656732	0.00065516	0.000653709	0.00065237	0.000651127	0.000649979	0.000648914	0.000647913	0.000646986	0.000646117	0.000645304	0.000644542	0.000643837	0.000643179	0.00064258	0.000642045	0.000641572	0.000641164	0.000640815	0.000640519	0.000640269	0.000640075	0.000639943	0.00063989	0.000639904	0.00063998	0.000640112	0.000640292	0.000640526	0.000640823	0.000641175	0.000641578	0.000642024	0.000642518	0.000643066	0.000643679	0.000644367	0.000645141	0.000646014	0.000646994	0.000648094	0.000649325	0.000650682	0.000652151	0.000653745	0.000655457	0.000657249	0.00065911	0.000661023	0.000662992	0.000665029	0.000667136	0.000669302	0.000671522	0.000673798	0.00067614	0.000678542	0.000681002	0.00068351	0.000686069	0.000688683	0.000691364	0.000694123	0.000696943	0.000699816	0.000702748	0.000705753	0.000708822	0.000711959	0.000715175	0.000718473	0.000721866	0.00072536	0.000728954	0.000732668	0.000736528	0.000740555	0.00074475	0.000749151	0.000753762	0.000758614	0.000763719	0.000769105	0.000774773	0.000780733	0.000786995	0.000793611	0.000800639	0.000808094	0.00081602	0.000824437	0.000833403	0.000842973	0.000853239	0.000864291	0.000876192	0.000888963	0.000902832	0.000917894	0.000934212	0.000951839	0.000971058	0.00099225	0.00101575	0.00104198	0.00107199	0.00110745	0.00115015	0.00120144	0.00126367	0.00134038	0.00143408	0.00154652	0.00168191	0.00184826	0.00206426	0.00237822	0.00290515	0.00392572	
0.00755422	0.00164395	0.00129109	0.00111552	0.00101033	0.000940496	0.000889906	0.000851249	0.000821085	0.000796972	0.000777396	0.000761051	0.000747025	0.000734778	0.000723905	0.000714148	0.000705343	0.000697435	0.000690283	0.000683865	0.000678154	0.000673039	0.000668418	0.000664238	0.00066045	0.000656974	0.000653784	0.000650824	0.000648068	0.000645525	0.000643184	0.000641048	0.000639114	0.000637326	0.000635663	0.000634108	0.000632655	0.000631302	0.000630039	0.000628845	0.000627725	0.000626657	0.000625657	0.000624716	0.000623823	0.000622989	0.000622211	0.000621494	0.000620837	0.000620251	0.000619725	0.000619258	0.000618853	0.000618504	0.000618209	0.000617987	0.000617831	0.000617739	0.000617709	0.000617746	0.000617835	0.000617975	0.000618173	0.000618426	0.000618736	0.000619098	0.000619509	0.00061998	0.000620527	0.000621168	0.000621919	0.000622799	0.000623808	0.000624935	0.000626215	0.000627636	0.00062919	0.000630872	0.000632625	0.000634443	0.000636322	0.00063828	0.000640328	0.000642445	0.000644616	0.00064684	0.000649117	0.000651452	0.000653845	0.000656301	0.000658816	0.000661395	0.000664039	0.000666754	0.000669535	0.000672371	0.000675275	0.000678232	0.000681246	0.000684326	0.000687472	0.000690681	0.000693965	0.000697337	0.000700804	0.000704379	0.000708088	0.000711958	0.000715984	0.00072019	0.000724613	0.000729261	0.00073416	0.000739335	0.000744769	0.000750484	0.000756488	0.000762794	0.000769468	0.000776554	0.000784081	0.000792081	0.000800591	0.000809693	0.000819412	0.000829834	0.000841001	0.000853019	0.000865983	0.000880082	0.000895374	0.000911924	0.000929862	0.000949385	0.000970866	0.000994714	0.00102126	0.00105169	0.0010876	0.00113083	0.00118274	0.00124566	0.00132325	0.00141748	0.00153033	0.00166607	0.00183287	0.00204953	0.00236454	0.00289181	0.00391427	
0.00755422	0.00164145	0.00128921	0.00111098	0.00100375	0.000933149	0.000881835	0.000842596	0.000811973	0.000787433	0.000767419	0.000750721	0.000736446	0.000723905	0.000712691	0.000702619	0.000693516	0.000685319	0.000677925	0.00067127	0.000665302	0.000659927	0.000655055	0.000650624	0.000646604	0.0006429	0.000639467	0.000636281	0.000633304	0.000630533	0.000627975	0.000625634	0.000623493	0.000621504	0.000619647	0.000617908	0.000616271	0.00061473	0.000613271	0.00061189	0.000610592	0.000609348	0.000608178	0.000607082	0.000606045	0.000605064	0.000604137	0.000603278	0.00060248	0.000601749	0.00060108	0.000600473	0.000599924	0.000599437	0.000599005	0.000598641	0.000598343	0.000598108	0.00059795	0.000597844	0.000597792	0.000597786	0.000597836	0.000597942	0.000598098	0.000598306	0.00059857	0.000598902	0.000599318	0.000599825	0.000600447	0.000601227	0.000602155	0.000603212	0.000604404	0.000605739	0.00060723	0.000608855	0.000610564	0.000612351	0.000614219	0.000616166	0.000618184	0.000620274	0.000622425	0.000624631	0.000626905	0.000629247	0.000631653	0.000634123	0.00063666	0.000639263	0.000641936	0.000644671	0.000647463	0.00065031	0.000653217	0.000656175	0.000659188	0.000662262	0.000665394	0.000668594	0.000671875	0.000675242	0.000678705	0.000682278	0.000685976	0.000689835	0.000693862	0.000698099	0.000702559	0.000707245	0.000712189	0.000717387	0.00072285	0.000728589	0.000734618	0.00074096	0.000747684	0.000754829	0.000762429	0.000770501	0.000779128	0.000788339	0.000798199	0.000808785	0.000820144	0.000832345	0.000845529	0.000859875	0.000875379	0.000892126	0.000910292	0.000930095	0.000951882	0.000976032	0.0010029	0.00103375	0.00107008	0.00111378	0.00116621	0.00122972	0.00130807	0.00140275	0.00151588	0.00165185	0.00181899	0.00203632	0.00235229	0.00287978	0.00390406	
0.00755422	0.00164017	0.00128813	0.00110746	0.000998506	0.000927034	0.000874941	0.000835175	0.00080406	0.000779116	0.000758676	0.000741596	0.000727013	0.000714148	0.000702619	0.000692269	0.000682886	0.000674455	0.000666838	0.000659959	0.000653763	0.000648169	0.000643095	0.000638461	0.000634225	0.000630303	0.00062667	0.000623291	0.000620109	0.000617122	0.000614356	0.000611842	0.000609513	0.000607342	0.000605316	0.000603407	0.000601605	0.000599891	0.000598266	0.000596719	0.000595259	0.000593889	0.000592585	0.000591365	0.00059021	0.000589108	0.000588061	0.00058707	0.000586132	0.000585265	0.00058446	0.000583719	0.000583044	0.000582428	0.000581873	0.000581371	0.000580948	0.000580593	0.000580298	0.000580064	0.00057988	0.00057975	0.000579675	0.000579656	0.000579685	0.000579771	0.000579907	0.00058011	0.000580388	0.000580765	0.000581266	0.000581932	0.000582756	0.000583729	0.000584836	0.000586088	0.000587503	0.000589053	0.000590698	0.000592442	0.000594286	0.000596213	0.000598215	0.000600281	0.000602415	0.000604623	0.000606904	0.000609253	0.000611669	0.000614145	0.000616691	0.000619312	0.000621992	0.000624726	0.000627506	0.000630341	0.000633227	0.000636167	0.000639171	0.000642238	0.000645366	0.000648558	0.00065183	0.000655183	0.000658626	0.00066219	0.0006659	0.000669777	0.000673841	0.000678107	0.000682597	0.000687312	0.000692272	0.000697473	0.000702938	0.000708685	0.000714731	0.000721106	0.000727884	0.0007351	0.000742754	0.00075093	0.000759662	0.000769009	0.000779036	0.000789782	0.000801334	0.000813748	0.00082715	0.000841683	0.000857391	0.000874375	0.00089279	0.000912808	0.000934876	0.00095929	0.000986462	0.00101775	0.00105456	0.00109856	0.00115147	0.00121557	0.0012945	0.0013896	0.00150292	0.00163902	0.00180651	0.0020244	0.00234122	0.00286888	0.00389485	
0.00755422	0.00163987	0.00128762	0.0011049	0.000994837	0.000922054	0.000869165	0.000828827	0.000797243	0.000771869	0.000750968	0.000733502	0.000718554	0.000705343	0.000693516	0.000682886	0.000673291	0.00066468	0.000656883	0.000649818	0.000643425	0.000637624	0.000632337	0.000627506	0.000623077	0.000618981	0.000615168	0.000611608	0.000608258	0.000605094	0.000602138	0.00059944	0.000596931	0.000594589	0.000592399	0.000590332	0.000588377	0.000586515	0.000584752	0.000583085	0.000581503	0.000580014	0.000578597	0.000577257	0.000575984	0.000574766	0.000573618	0.000572523	0.000571476	0.000570493	0.00056957	0.000568715	0.00056792	0.000567188	0.000566516	0.000565898	0.000565354	0.000564882	0.000564467	0.00056412	0.000563828	0.000563588	0.000563401	0.000563266	0.000563186	0.000563154	0.000563168	0.000563248	0.000563405	0.000563655	0.000564032	0.000564586	0.000565304	0.000566183	0.000567205	0.000568371	0.000569706	0.000571185	0.00057277	0.000574463	0.000576267	0.000578162	0.000580133	0.000582178	0.000584303	0.00058651	0.00058879	0.000591138	0.000593553	0.00059603	0.000598571	0.000601187	0.000603857	0.00060658	0.000609349	0.000612173	0.000615046	0.000617975	0.000620959	0.000624004	0.000627105	0.000630282	0.000633541	0.00063689	0.000640344	0.000643918	0.000647644	0.000651551	0.000655664	0.000659963	0.000664475	0.000669199	0.000674151	0.000679353	0.00068481	0.000690548	0.000696595	0.000703005	0.000709834	0.000717094	0.000724835	0.000733107	0.000741966	0.000751463	0.00076164	0.000772571	0.00078431	0.000796933	0.000810536	0.000825272	0.000841167	0.000858346	0.000876924	0.000897161	0.000919512	0.000944177	0.000971645	0.00100335	0.00104058	0.00108489	0.00113821	0.00120288	0.00128233	0.00137775	0.00149123	0.00162745	0.00179523	0.00201363	0.00233121	0.00285896	0.00388653	
0.00755422	0.00164043	0.00128764	0.00110329	0.000992291	0.000918218	0.000864443	0.000823512	0.000791438	0.000765562	0.000744212	0.000726307	0.000710964	0.000697435	0.000685319	0.000674455	0.00066468	0.000655878	0.000647902	0.000640655	0.000634082	0.000628095	0.000622636	0.000617634	0.000613023	0.000608744	0.000604754	0.000601026	0.000597521	0.000594205	0.000591103	0.000588235	0.000585567	0.000583067	0.000580717	0.000578497	0.000576402	0.000574414	0.000572534	0.000570755	0.000569072	0.000567475	0.000565956	0.000564511	0.000563134	0.000561814	0.000560559	0.000559366	0.000558231	0.000557159	0.000556142	0.000555188	0.0005543	0.00055347	0.000552702	0.000551994	0.000551335	0.000550748	0.000550221	0.000549748	0.000549333	0.000548971	0.00054866	0.00054841	0.000548227	0.000548097	0.000548021	0.000548006	0.000548062	0.000548216	0.000548498	0.000548951	0.000549568	0.000550349	0.000551286	0.000552378	0.00055363	0.000555033	0.000556549	0.000558181	0.000559925	0.000561765	0.000563697	0.000565715	0.000567824	0.000570026	0.000572303	0.000574652	0.000577062	0.000579534	0.000582065	0.000584669	0.000587335	0.000590045	0.000592809	0.000595622	0.00059848	0.000601385	0.000604348	0.000607374	0.000610462	0.00061362	0.00061686	0.000620195	0.000623644	0.000627234	0.000631007	0.000634963	0.00063911	0.000643439	0.000647957	0.000652685	0.000657632	0.000662822	0.000668272	0.000673998	0.000680049	0.000686481	0.000693326	0.000700634	0.000708461	0.000716846	0.000725821	0.000735444	0.000745784	0.000756884	0.000768834	0.000781662	0.000795469	0.000810381	0.000826424	0.000843741	0.000862457	0.000882865	0.000905476	0.00093042	0.000958222	0.000990306	0.00102793	0.00107251	0.00112623	0.00119144	0.00127131	0.001367	0.00148067	0.00161699	0.00178502	0.00200391	0.00232214	0.00284993	0.00387901	
0.00755422	0.00164145	0.00128805	0.00110254	0.00099058	0.000915341	0.000860657	0.000819104	0.000786495	0.000760118	0.000738268	0.0007199	0.000704165	0.000690283	0.000677925	0.000666838	0.000656883	0.000647902	0.000639761	0.00063236	0.000625621	0.000619472	0.000613842	0.000608684	0.0006039	0.00059946	0.000595319	0.00059143	0.000587772	0.000584318	0.00058108	0.00057807	0.000575248	0.000572602	0.000570118	0.000567782	0.000565571	0.000563471	0.000561474	0.00055958	0.000557782	0.000556078	0.000554457	0.000552917	0.000551443	0.000550039	0.000548704	0.000547425	0.000546209	0.000545056	0.000543963	0.000542929	0.000541952	0.000541029	0.000540157	0.000539338	0.00053857	0.000537863	0.000537218	0.000536632	0.000536111	0.000535647	0.00053524	0.000534894	0.000534613	0.000534394	0.000534233	0.000534133	0.000534108	0.000534177	0.000534387	0.000534767	0.000535312	0.000536013	0.000536876	0.000537896	0.000539082	0.000540418	0.000541866	0.000543409	0.000545072	0.000546854	0.000548743	0.000550735	0.000552818	0.000554991	0.000557245	0.000559581	0.000561985	0.00056445	0.000566981	0.000569573	0.000572219	0.000574923	0.000577677	0.000580476	0.000583322	0.000586219	0.000589161	0.000592162	0.000595227	0.000598368	0.000601605	0.000604957	0.00060844	0.000612071	0.000615877	0.000619861	0.000624012	0.000628343	0.000632863	0.00063758	0.000642515	0.000647692	0.00065313	0.000658851	0.000664919	0.000671371	0.000678247	0.000685599	0.000693485	0.000701947	0.000711036	0.000720783	0.000731278	0.000742566	0.000754714	0.000767737	0.000781743	0.000796773	0.000812929	0.000830338	0.000849187	0.000869813	0.000892635	0.000917878	0.00094602	0.000978454	0.0010164	0.00106125	0.00111535	0.00118108	0.00126134	0.00135726	0.00147108	0.00160754	0.00177573	0.00199516	0.00231394	0.0028417	0.00387218	
0.00755422	0.00164265	0.00128881	0.00110241	0.000989517	0.000913218	0.00085767	0.000815458	0.000782303	0.000755409	0.000733094	0.000714241	0.000698085	0.000683865	0.00067127	0.000659959	0.000649818	0.000640655	0.00063236	0.0006248	0.000617908	0.000611603	0.000605823	0.000600507	0.000595564	0.00059097	0.000586687	0.000582657	0.000578873	0.000575301	0.000571946	0.000568802	0.000565854	0.000563088	0.000560481	0.000558017	0.000555685	0.000553477	0.000551382	0.000549394	0.000547508	0.00054571	0.000543998	0.000542368	0.000540799	0.000539307	0.00053788	0.000536514	0.000535216	0.000533983	0.000532809	0.000531694	0.000530633	0.000529624	0.000528661	0.000527752	0.000526898	0.000526096	0.000525354	0.000524669	0.000524045	0.000523473	0.00052296	0.00052251	0.000522129	0.000521825	0.000521594	0.000521431	0.000521346	0.000521359	0.000521503	0.00052182	0.000522311	0.000522964	0.000523766	0.000524725	0.000525847	0.00052712	0.000528504	0.000529987	0.000531582	0.000533301	0.000535142	0.000537091	0.000539145	0.000541288	0.000543516	0.000545822	0.000548207	0.000550659	0.000553177	0.000555751	0.000558378	0.000561058	0.000563792	0.000566578	0.000569412	0.000572294	0.000575229	0.000578223	0.000581294	0.000584449	0.000587698	0.000591055	0.000594562	0.00059823	0.00060206	0.00060604	0.00061019	0.000614519	0.000619029	0.000623734	0.000628656	0.000633818	0.00063924	0.000644974	0.000651054	0.000657527	0.000664435	0.000671831	0.000679761	0.000688301	0.000697487	0.000707363	0.000718009	0.000729474	0.000741786	0.000754991	0.000769125	0.000784252	0.000800507	0.000818015	0.000836992	0.000857846	0.00088088	0.000906399	0.000934851	0.000967601	0.00100584	0.00105098	0.00110544	0.00117167	0.00125226	0.00134841	0.00146238	0.00159897	0.00176731	0.00198737	0.00230655	0.0028342	0.00386603	
0.00755422	0.00164398	0.00128987	0.00110281	0.000988925	0.000911696	0.000855337	0.000812483	0.000778728	0.000751311	0.000728533	0.000709231	0.000692672	0.000678154	0.000665302	0.000653763	0.000643425	0.000634082	0.000625621	0.000617908	0.00061086	0.000604401	0.000598473	0.000593007	0.000587927	0.000583201	0.000578782	0.000574634	0.000570725	0.000567032	0.000563565	0.000560304	0.00055724	0.000554365	0.000551655	0.000549097	0.000546663	0.00054435	0.00054216	0.000540077	0.000538093	0.000536205	0.000534399	0.000532679	0.000531028	0.000529454	0.000527945	0.000526507	0.000525141	0.000523838	0.00052259	0.000521398	0.000520259	0.000519165	0.000518119	0.000517122	0.000516175	0.000515275	0.000514427	0.00051364	0.000512914	0.000512259	0.000511663	0.000511124	0.000510663	0.000510278	0.000509977	0.000509755	0.000509618	0.000509585	0.000509686	0.000509951	0.000510396	0.000511002	0.000511757	0.000512663	0.000513735	0.00051495	0.000516277	0.000517704	0.000519256	0.000520931	0.000522725	0.000524631	0.000526648	0.000528765	0.000530969	0.000533251	0.000535607	0.000538035	0.00054053	0.000543084	0.000545689	0.000548346	0.000551053	0.000553813	0.000556629	0.000559505	0.000562444	0.000565452	0.000568537	0.000571704	0.000574974	0.000578369	0.0005819	0.000585565	0.00058938	0.000593355	0.000597497	0.000601815	0.000606323	0.000611019	0.00061593	0.000621078	0.000626499	0.000632232	0.000638322	0.000644807	0.000651728	0.000659165	0.00066716	0.000675773	0.000685051	0.000695044	0.00070585	0.000717477	0.000729926	0.000743258	0.000757491	0.000772709	0.000789054	0.000806663	0.000825785	0.000846854	0.000870102	0.000895888	0.000924624	0.000957653	0.000996109	0.00104156	0.00109638	0.00116309	0.00124398	0.00134034	0.00145448	0.00159119	0.00175971	0.0019804	0.00229993	0.0028274	0.00386047	
0.00755422	0.00164537	0.00129119	0.00110352	0.000988682	0.000910592	0.000853534	0.000810036	0.000775702	0.000747727	0.000724478	0.000704767	0.000687858	0.000673039	0.000659927	0.000648169	0.000637624	0.000628095	0.000619472	0.000611603	0.000604401	0.000597801	0.000591737	0.000586135	0.000580922	0.000576065	0.000571514	0.000567243	0.000563213	0.000559422	0.000555863	0.000552509	0.000549348	0.000546377	0.000543569	0.000540908	0.000538375	0.00053596	0.000533678	0.000531499	0.000529422	0.000527446	0.000525554	0.000523749	0.000522026	0.000520374	0.000518802	0.000517295	0.000515856	0.000514476	0.00051315	0.000511881	0.000510661	0.000509485	0.000508357	0.000507274	0.000506241	0.000505259	0.000504329	0.000503465	0.000502657	0.000501913	0.000501229	0.000500613	0.000500065	0.000499605	0.000499238	0.000498962	0.000498781	0.000498715	0.000498793	0.00049903	0.000499426	0.00049998	0.000500683	0.000501537	0.000502561	0.000503732	0.00050501	0.000506405	0.000507929	0.000509574	0.000511338	0.000513207	0.000515184	0.000517258	0.000519426	0.000521673	0.000524004	0.000526407	0.000528878	0.000531409	0.000533992	0.000536627	0.000539326	0.000542087	0.000544909	0.000547794	0.000550743	0.000553759	0.000556853	0.000560034	0.000563322	0.000566733	0.000570266	0.000573926	0.000577729	0.00058169	0.000585817	0.000590124	0.000594617	0.00059931	0.000604212	0.000609356	0.000614778	0.000620515	0.000626608	0.000633102	0.000640051	0.000647529	0.000655579	0.000664255	0.000673627	0.000683754	0.000694676	0.000706434	0.000719012	0.000732433	0.00074676	0.000762075	0.000778496	0.000796215	0.000815502	0.000836755	0.000860213	0.000886229	0.000915211	0.000948511	0.000987159	0.00103292	0.00108808	0.00115524	0.00123641	0.00133297	0.00144728	0.00158413	0.00175287	0.00197417	0.00229398	0.00282123	0.00385544	
