\documentclass[preview]{standalone}
\usepackage[fleqn]{amsmath}
\usepackage[T1]{fontenc}
\usepackage{mathtools}
\usepackage{color}
\begin{document}

\section{Bilinear}

$$
G = \frac{h_{x} \lambda}{6 h_{y}}\cdot\left[\begin{matrix}2 & 1 & -2 & -1\\1 & 2 & -1 & -2\\-2 & -1 & 2 & 1\\-1 & -2 & 1 & 2\end{matrix}\right] + \frac{h_{y} \lambda}{6 h_{x}}\cdot\left[\begin{matrix}2 & -2 & 1 & -1\\-2 & 2 & -1 & 1\\1 & -1 & 2 & -2\\-1 & 1 & -2 & 2\end{matrix}\right]
$$

$$
M = \frac{\gamma h_{x} h_{y}}{36}\cdot\left[\begin{matrix}4 & 2 & 2 & 1\\2 & 4 & 1 & 2\\2 & 1 & 4 & 2\\1 & 2 & 2 & 4\end{matrix}\right]
$$

\section{Biquadratic}

$$
G = \frac{h_{x} \lambda}{90 h_{y}}\cdot\left[\begin{matrix}28 & 14 & -7 & -32 & -16 & 8 & 4 & 2 & -1\\14 & 112 & 14 & -16 & -128 & -16 & 2 & 16 & 2\\-7 & 14 & 28 & 8 & -16 & -32 & -1 & 2 & 4\\-32 & -16 & 8 & 64 & 32 & -16 & -32 & -16 & 8\\-16 & -128 & -16 & 32 & 256 & 32 & -16 & -128 & -16\\8 & -16 & -32 & -16 & 32 & 64 & 8 & -16 & -32\\4 & 2 & -1 & -32 & -16 & 8 & 28 & 14 & -7\\2 & 16 & 2 & -16 & -128 & -16 & 14 & 112 & 14\\-1 & 2 & 4 & 8 & -16 & -32 & -7 & 14 & 28\end{matrix}\right] +
$$

$$
+ \frac{h_{y} \lambda}{90 h_{x}}\cdot\left[\begin{matrix}28 & -32 & 4 & 14 & -16 & 2 & -7 & 8 & -1\\-32 & 64 & -32 & -16 & 32 & -16 & 8 & -16 & 8\\4 & -32 & 28 & 2 & -16 & 14 & -1 & 8 & -7\\14 & -16 & 2 & 112 & -128 & 16 & 14 & -16 & 2\\-16 & 32 & -16 & -128 & 256 & -128 & -16 & 32 & -16\\2 & -16 & 14 & 16 & -128 & 112 & 2 & -16 & 14\\-7 & 8 & -1 & 14 & -16 & 2 & 28 & -32 & 4\\8 & -16 & 8 & -16 & 32 & -16 & -32 & 64 & -32\\-1 & 8 & -7 & 2 & -16 & 14 & 4 & -32 & 28\end{matrix}\right]
$$

$$
M = \frac{\gamma h_{x} h_{y}}{900}\cdot\left[\begin{matrix}16 & 8 & -4 & 8 & 4 & -2 & -4 & -2 & 1\\8 & 64 & 8 & 4 & 32 & 4 & -2 & -16 & -2\\-4 & 8 & 16 & -2 & 4 & 8 & 1 & -2 & -4\\8 & 4 & -2 & 64 & 32 & -16 & 8 & 4 & -2\\4 & 32 & 4 & 32 & 256 & 32 & 4 & 32 & 4\\-2 & 4 & 8 & -16 & 32 & 64 & -2 & 4 & 8\\-4 & -2 & 1 & 8 & 4 & -2 & 16 & 8 & -4\\-2 & -16 & -2 & 4 & 32 & 4 & 8 & 64 & 8\\1 & -2 & -4 & -2 & 4 & 8 & -4 & 8 & 16\end{matrix}\right]
$$


\end{document}