9.18155e-05	9.18155e-05	9.18155e-05	9.18155e-05	9.18155e-05	9.18155e-05	9.18155e-05	9.18155e-05	9.18155e-05	9.18155e-05	9.18155e-05	9.18155e-05	9.18155e-05	9.18155e-05	9.18155e-05	9.18155e-05	9.18155e-05	9.18155e-05	9.18155e-05	9.18155e-05	9.18155e-05	9.18155e-05	9.18155e-05	9.18155e-05	9.18155e-05	9.18155e-05	9.18155e-05	9.18155e-05	9.18155e-05	9.18155e-05	9.18155e-05	9.18155e-05	9.18155e-05	9.18155e-05	9.18155e-05	9.18155e-05	9.18155e-05	9.18155e-05	9.18155e-05	9.18155e-05	9.18155e-05	9.18155e-05	9.18155e-05	9.18155e-05	9.18155e-05	9.18155e-05	9.18155e-05	9.18155e-05	9.18155e-05	9.18155e-05	9.18155e-05	9.18155e-05	9.18155e-05	9.18155e-05	9.18155e-05	9.18155e-05	9.18155e-05	9.18155e-05	9.18155e-05	9.18155e-05	9.18155e-05	9.18155e-05	9.18155e-05	9.18155e-05	9.18155e-05	9.18155e-05	9.18155e-05	9.18155e-05	9.18155e-05	9.18155e-05	9.18155e-05	9.18155e-05	9.18155e-05	9.18155e-05	9.18155e-05	9.18155e-05	9.18155e-05	
9.18155e-05	6.65167e-05	7.07974e-05	7.29536e-05	7.42902e-05	7.52109e-05	7.58873e-05	7.64061e-05	7.68165e-05	7.71487e-05	7.74223e-05	7.76507e-05	7.78435e-05	7.80076e-05	7.81483e-05	7.82696e-05	7.83748e-05	7.84663e-05	7.85462e-05	7.8616e-05	7.86772e-05	7.8731e-05	7.87781e-05	7.88195e-05	7.88558e-05	7.88876e-05	7.89154e-05	7.89396e-05	7.89605e-05	7.89786e-05	7.89941e-05	7.90071e-05	7.90181e-05	7.9027e-05	7.90342e-05	7.90398e-05	7.90438e-05	7.90465e-05	7.90478e-05	7.9048e-05	7.9047e-05	7.90446e-05	7.90407e-05	7.90353e-05	7.90281e-05	7.9019e-05	7.90077e-05	7.89942e-05	7.89781e-05	7.89592e-05	7.89371e-05	7.89115e-05	7.88819e-05	7.88479e-05	7.88088e-05	7.87641e-05	7.87128e-05	7.86541e-05	7.85869e-05	7.85097e-05	7.84209e-05	7.83185e-05	7.81999e-05	7.8062e-05	7.79007e-05	7.77108e-05	7.74852e-05	7.72142e-05	7.68844e-05	7.64761e-05	7.59588e-05	7.52831e-05	7.43618e-05	7.30226e-05	7.08615e-05	6.65807e-05	9.18155e-05	
9.18155e-05	7.07974e-05	7.54366e-05	7.77389e-05	7.91494e-05	8.01109e-05	8.08106e-05	8.1343e-05	8.17609e-05	8.20967e-05	8.23716e-05	8.25998e-05	8.27913e-05	8.29536e-05	8.30921e-05	8.32111e-05	8.33137e-05	8.34028e-05	8.34802e-05	8.35477e-05	8.36067e-05	8.36583e-05	8.37034e-05	8.3743e-05	8.37776e-05	8.38078e-05	8.38342e-05	8.38571e-05	8.38769e-05	8.38939e-05	8.39084e-05	8.39207e-05	8.39309e-05	8.39392e-05	8.39458e-05	8.39509e-05	8.39546e-05	8.39569e-05	8.3958e-05	8.3958e-05	8.39568e-05	8.39543e-05	8.39505e-05	8.39451e-05	8.3938e-05	8.39291e-05	8.39182e-05	8.3905e-05	8.38894e-05	8.38711e-05	8.38497e-05	8.38248e-05	8.37961e-05	8.37631e-05	8.37252e-05	8.36817e-05	8.36318e-05	8.35745e-05	8.35087e-05	8.34331e-05	8.33459e-05	8.32449e-05	8.31277e-05	8.2991e-05	8.28304e-05	8.26404e-05	8.24136e-05	8.21399e-05	8.18048e-05	8.13873e-05	8.08546e-05	8.01533e-05	7.91887e-05	7.77727e-05	7.54615e-05	7.08168e-05	9.18155e-05	
9.18155e-05	7.29536e-05	7.77389e-05	8.00932e-05	8.15254e-05	8.24957e-05	8.31981e-05	8.37298e-05	8.41454e-05	8.44781e-05	8.47494e-05	8.49739e-05	8.51617e-05	8.53204e-05	8.54554e-05	8.55712e-05	8.56708e-05	8.5757e-05	8.58319e-05	8.5897e-05	8.59538e-05	8.60034e-05	8.60468e-05	8.60847e-05	8.61178e-05	8.61467e-05	8.61718e-05	8.61936e-05	8.62125e-05	8.62287e-05	8.62424e-05	8.62541e-05	8.62637e-05	8.62716e-05	8.62778e-05	8.62826e-05	8.6286e-05	8.62881e-05	8.62891e-05	8.6289e-05	8.62878e-05	8.62853e-05	8.62815e-05	8.62763e-05	8.62694e-05	8.62608e-05	8.62503e-05	8.62376e-05	8.62226e-05	8.62049e-05	8.61842e-05	8.61603e-05	8.61326e-05	8.61008e-05	8.60641e-05	8.60221e-05	8.59738e-05	8.59183e-05	8.58545e-05	8.5781e-05	8.56962e-05	8.55978e-05	8.54833e-05	8.53495e-05	8.51919e-05	8.5005e-05	8.47814e-05	8.45106e-05	8.41781e-05	8.3762e-05	8.32291e-05	8.25244e-05	8.15499e-05	8.01111e-05	7.77468e-05	7.29547e-05	9.18155e-05	
9.18155e-05	7.42902e-05	7.91494e-05	8.15254e-05	8.29635e-05	8.39337e-05	8.46333e-05	8.5161e-05	8.55723e-05	8.59006e-05	8.61676e-05	8.6388e-05	8.65721e-05	8.67272e-05	8.68591e-05	8.69718e-05	8.70688e-05	8.71525e-05	8.72251e-05	8.72882e-05	8.73431e-05	8.7391e-05	8.74329e-05	8.74694e-05	8.75013e-05	8.75291e-05	8.75533e-05	8.75742e-05	8.75923e-05	8.76078e-05	8.7621e-05	8.76321e-05	8.76414e-05	8.76489e-05	8.76548e-05	8.76593e-05	8.76625e-05	8.76645e-05	8.76655e-05	8.76653e-05	8.76641e-05	8.76617e-05	8.7658e-05	8.76529e-05	8.76463e-05	8.76379e-05	8.76277e-05	8.76155e-05	8.76009e-05	8.75838e-05	8.75639e-05	8.75407e-05	8.7514e-05	8.74832e-05	8.74477e-05	8.74069e-05	8.73601e-05	8.73063e-05	8.72443e-05	8.71728e-05	8.70902e-05	8.69943e-05	8.68825e-05	8.67516e-05	8.65972e-05	8.64138e-05	8.61939e-05	8.5927e-05	8.55984e-05	8.51864e-05	8.4657e-05	8.39546e-05	8.29799e-05	8.15347e-05	7.91482e-05	7.42823e-05	9.18155e-05	
9.18155e-05	7.52109e-05	8.01109e-05	8.24957e-05	8.39337e-05	8.49005e-05	8.55957e-05	8.61187e-05	8.65254e-05	8.68493e-05	8.71123e-05	8.73289e-05	8.75095e-05	8.76616e-05	8.77906e-05	8.79008e-05	8.79954e-05	8.80771e-05	8.81477e-05	8.82091e-05	8.82625e-05	8.8309e-05	8.83496e-05	8.8385e-05	8.84159e-05	8.84428e-05	8.84662e-05	8.84864e-05	8.85039e-05	8.85189e-05	8.85316e-05	8.85423e-05	8.85512e-05	8.85584e-05	8.85641e-05	8.85685e-05	8.85716e-05	8.85735e-05	8.85743e-05	8.85742e-05	8.85729e-05	8.85706e-05	8.8567e-05	8.8562e-05	8.85556e-05	8.85475e-05	8.85376e-05	8.85257e-05	8.85116e-05	8.8495e-05	8.84757e-05	8.84532e-05	8.84272e-05	8.83973e-05	8.83628e-05	8.83232e-05	8.82776e-05	8.82252e-05	8.81648e-05	8.80951e-05	8.80144e-05	8.79206e-05	8.78112e-05	8.76829e-05	8.75315e-05	8.73513e-05	8.71349e-05	8.68719e-05	8.65475e-05	8.61399e-05	8.5615e-05	8.49168e-05	8.39452e-05	8.25e-05	8.01046e-05	7.51983e-05	9.18155e-05	
9.18155e-05	7.58873e-05	8.08106e-05	8.31981e-05	8.46333e-05	8.55957e-05	8.6286e-05	8.68044e-05	8.72067e-05	8.75266e-05	8.77859e-05	8.79992e-05	8.81769e-05	8.83262e-05	8.84528e-05	8.85608e-05	8.86534e-05	8.87333e-05	8.88023e-05	8.88622e-05	8.89143e-05	8.89597e-05	8.89993e-05	8.90337e-05	8.90638e-05	8.909e-05	8.91127e-05	8.91324e-05	8.91493e-05	8.91639e-05	8.91762e-05	8.91866e-05	8.91952e-05	8.92022e-05	8.92077e-05	8.92119e-05	8.92149e-05	8.92167e-05	8.92175e-05	8.92174e-05	8.92162e-05	8.92139e-05	8.92104e-05	8.92055e-05	8.91993e-05	8.91914e-05	8.91818e-05	8.91702e-05	8.91564e-05	8.91403e-05	8.91214e-05	8.90995e-05	8.90742e-05	8.9045e-05	8.90114e-05	8.89727e-05	8.89282e-05	8.8877e-05	8.8818e-05	8.87497e-05	8.86707e-05	8.85788e-05	8.84716e-05	8.83456e-05	8.81968e-05	8.80195e-05	8.78063e-05	8.75468e-05	8.72263e-05	8.68229e-05	8.63026e-05	8.56091e-05	8.46418e-05	8.31994e-05	8.08015e-05	7.58724e-05	9.18155e-05	
9.18155e-05	7.64061e-05	8.1343e-05	8.37298e-05	8.5161e-05	8.61187e-05	8.68044e-05	8.73184e-05	8.77167e-05	8.8033e-05	8.8289e-05	8.84995e-05	8.86745e-05	8.88215e-05	8.8946e-05	8.90521e-05	8.91431e-05	8.92214e-05	8.92891e-05	8.93478e-05	8.93988e-05	8.94432e-05	8.94819e-05	8.95156e-05	8.95449e-05	8.95705e-05	8.95927e-05	8.96119e-05	8.96284e-05	8.96426e-05	8.96546e-05	8.96647e-05	8.96731e-05	8.96799e-05	8.96853e-05	8.96894e-05	8.96923e-05	8.9694e-05	8.96948e-05	8.96946e-05	8.96935e-05	8.96912e-05	8.96878e-05	8.96831e-05	8.96769e-05	8.96692e-05	8.96598e-05	8.96485e-05	8.96351e-05	8.96193e-05	8.96009e-05	8.95795e-05	8.95548e-05	8.95262e-05	8.94933e-05	8.94554e-05	8.94119e-05	8.93617e-05	8.93038e-05	8.92369e-05	8.91593e-05	8.9069e-05	8.89636e-05	8.88396e-05	8.8693e-05	8.85183e-05	8.83079e-05	8.80516e-05	8.77347e-05	8.73352e-05	8.68192e-05	8.61303e-05	8.51678e-05	8.37293e-05	8.13323e-05	7.63903e-05	9.18155e-05	
9.18155e-05	7.68165e-05	8.17609e-05	8.41454e-05	8.55723e-05	8.65254e-05	8.72067e-05	8.77167e-05	8.81113e-05	8.84244e-05	8.86777e-05	8.88855e-05	8.90583e-05	8.92033e-05	8.9326e-05	8.94305e-05	8.952e-05	8.9597e-05	8.96636e-05	8.97212e-05	8.97713e-05	8.98149e-05	8.98528e-05	8.98859e-05	8.99146e-05	8.99397e-05	8.99614e-05	8.99802e-05	8.99963e-05	9.00102e-05	9.0022e-05	9.00319e-05	9.00401e-05	9.00467e-05	9.0052e-05	9.0056e-05	9.00588e-05	9.00605e-05	9.00613e-05	9.00611e-05	9.006e-05	9.00577e-05	9.00544e-05	9.00498e-05	9.00437e-05	9.00362e-05	9.0027e-05	9.00159e-05	9.00028e-05	8.99873e-05	8.99693e-05	8.99483e-05	8.9924e-05	8.9896e-05	8.98638e-05	8.98266e-05	8.97838e-05	8.97345e-05	8.96776e-05	8.96118e-05	8.95355e-05	8.94466e-05	8.93427e-05	8.92205e-05	8.90759e-05	8.89034e-05	8.86955e-05	8.8442e-05	8.81283e-05	8.77323e-05	8.72203e-05	8.65358e-05	8.55779e-05	8.41439e-05	8.17494e-05	7.68007e-05	9.18155e-05	
9.18155e-05	7.71487e-05	8.20967e-05	8.44781e-05	8.59006e-05	8.68493e-05	8.75266e-05	8.8033e-05	8.84244e-05	8.87347e-05	8.89854e-05	8.91911e-05	8.93619e-05	8.95051e-05	8.96262e-05	8.97293e-05	8.98176e-05	8.98935e-05	8.99591e-05	9.00158e-05	9.00651e-05	9.0108e-05	9.01453e-05	9.01778e-05	9.0206e-05	9.02306e-05	9.0252e-05	9.02704e-05	9.02863e-05	9.02999e-05	9.03114e-05	9.03211e-05	9.03292e-05	9.03357e-05	9.03409e-05	9.03448e-05	9.03475e-05	9.03492e-05	9.035e-05	9.03498e-05	9.03487e-05	9.03465e-05	9.03432e-05	9.03387e-05	9.03328e-05	9.03254e-05	9.03163e-05	9.03054e-05	9.02925e-05	9.02773e-05	9.02596e-05	9.0239e-05	9.02152e-05	9.01876e-05	9.01559e-05	9.01194e-05	9.00773e-05	9.00287e-05	8.99727e-05	8.99078e-05	8.98326e-05	8.9745e-05	8.96424e-05	8.95218e-05	8.93789e-05	8.92083e-05	8.90027e-05	8.87517e-05	8.84407e-05	8.8048e-05	8.75396e-05	8.68591e-05	8.59057e-05	8.44762e-05	8.20851e-05	7.71333e-05	9.18155e-05	
9.18155e-05	7.74223e-05	8.23716e-05	8.47494e-05	8.61676e-05	8.71123e-05	8.77859e-05	8.8289e-05	8.86777e-05	8.89854e-05	8.92339e-05	8.94376e-05	8.96067e-05	8.97484e-05	8.98681e-05	8.997e-05	9.00572e-05	9.01322e-05	9.01969e-05	9.02529e-05	9.03015e-05	9.03437e-05	9.03805e-05	9.04125e-05	9.04403e-05	9.04645e-05	9.04855e-05	9.05037e-05	9.05193e-05	9.05327e-05	9.05441e-05	9.05536e-05	9.05615e-05	9.05679e-05	9.0573e-05	9.05769e-05	9.05796e-05	9.05812e-05	9.0582e-05	9.05818e-05	9.05807e-05	9.05785e-05	9.05753e-05	9.05708e-05	9.0565e-05	9.05577e-05	9.05489e-05	9.05382e-05	9.05254e-05	9.05105e-05	9.0493e-05	9.04728e-05	9.04493e-05	9.04222e-05	9.03909e-05	9.03549e-05	9.03134e-05	9.02655e-05	9.02102e-05	9.01462e-05	9.00719e-05	8.99854e-05	8.9884e-05	8.97647e-05	8.96234e-05	8.94545e-05	8.92508e-05	8.9002e-05	8.86935e-05	8.83037e-05	8.77985e-05	8.71218e-05	8.61725e-05	8.47474e-05	8.23602e-05	7.74077e-05	9.18155e-05	
9.18155e-05	7.76507e-05	8.25998e-05	8.49739e-05	8.6388e-05	8.73289e-05	8.79992e-05	8.84995e-05	8.88855e-05	8.91911e-05	8.94376e-05	8.96396e-05	8.98072e-05	8.99475e-05	9.00661e-05	9.01669e-05	9.02532e-05	9.03273e-05	9.03913e-05	9.04466e-05	9.04946e-05	9.05363e-05	9.05726e-05	9.06042e-05	9.06317e-05	9.06555e-05	9.06763e-05	9.06942e-05	9.07096e-05	9.07228e-05	9.0734e-05	9.07434e-05	9.07512e-05	9.07575e-05	9.07625e-05	9.07663e-05	9.07689e-05	9.07706e-05	9.07713e-05	9.07711e-05	9.077e-05	9.07679e-05	9.07647e-05	9.07603e-05	9.07546e-05	9.07475e-05	9.07387e-05	9.07281e-05	9.07156e-05	9.07009e-05	9.06837e-05	9.06637e-05	9.06405e-05	9.06138e-05	9.05829e-05	9.05473e-05	9.05064e-05	9.04591e-05	9.04044e-05	9.03412e-05	9.02677e-05	9.01821e-05	9.00818e-05	8.99637e-05	8.98237e-05	8.96563e-05	8.94543e-05	8.92075e-05	8.89013e-05	8.8514e-05	8.80118e-05	8.73384e-05	8.6393e-05	8.49721e-05	8.25889e-05	7.76372e-05	9.18155e-05	
9.18155e-05	7.78435e-05	8.27913e-05	8.51617e-05	8.65721e-05	8.75095e-05	8.81769e-05	8.86745e-05	8.90583e-05	8.93619e-05	8.96067e-05	8.98072e-05	8.99734e-05	9.01126e-05	9.02301e-05	9.033e-05	9.04154e-05	9.04888e-05	9.05521e-05	9.06069e-05	9.06544e-05	9.06956e-05	9.07315e-05	9.07627e-05	9.07899e-05	9.08135e-05	9.08339e-05	9.08516e-05	9.08668e-05	9.08799e-05	9.08909e-05	9.09002e-05	9.09079e-05	9.09142e-05	9.09191e-05	9.09228e-05	9.09255e-05	9.09271e-05	9.09278e-05	9.09276e-05	9.09266e-05	9.09245e-05	9.09213e-05	9.0917e-05	9.09114e-05	9.09043e-05	9.08956e-05	9.08852e-05	9.08729e-05	9.08583e-05	9.08413e-05	9.08216e-05	9.07987e-05	9.07722e-05	9.07417e-05	9.07066e-05	9.06661e-05	9.06193e-05	9.05652e-05	9.05026e-05	9.04299e-05	9.03451e-05	9.02457e-05	9.01287e-05	8.99898e-05	8.98238e-05	8.96233e-05	8.93783e-05	8.9074e-05	8.8689e-05	8.81895e-05	8.75192e-05	8.65772e-05	8.51603e-05	8.2781e-05	7.78311e-05	9.18155e-05	
9.18155e-05	7.80076e-05	8.29536e-05	8.53204e-05	8.67272e-05	8.76616e-05	8.83262e-05	8.88215e-05	8.92033e-05	8.95051e-05	8.97484e-05	8.99475e-05	9.01126e-05	9.02507e-05	9.03673e-05	9.04664e-05	9.05511e-05	9.06239e-05	9.06866e-05	9.07409e-05	9.07879e-05	9.08287e-05	9.08643e-05	9.08952e-05	9.0922e-05	9.09454e-05	9.09656e-05	9.09831e-05	9.09982e-05	9.10111e-05	9.1022e-05	9.10312e-05	9.10388e-05	9.1045e-05	9.10499e-05	9.10536e-05	9.10562e-05	9.10578e-05	9.10585e-05	9.10583e-05	9.10573e-05	9.10552e-05	9.10521e-05	9.10478e-05	9.10423e-05	9.10353e-05	9.10267e-05	9.10164e-05	9.10042e-05	9.09898e-05	9.0973e-05	9.09535e-05	9.09308e-05	9.09047e-05	9.08745e-05	9.08397e-05	9.07996e-05	9.07533e-05	9.06997e-05	9.06377e-05	9.05656e-05	9.04815e-05	9.0383e-05	9.02668e-05	9.01291e-05	8.99642e-05	8.97651e-05	8.95216e-05	8.92191e-05	8.88362e-05	8.8339e-05	8.76715e-05	8.67328e-05	8.53195e-05	8.29441e-05	7.79965e-05	9.18155e-05	
9.18155e-05	7.81483e-05	8.30921e-05	8.54554e-05	8.68591e-05	8.77906e-05	8.84528e-05	8.8946e-05	8.9326e-05	8.96262e-05	8.98681e-05	9.00661e-05	9.02301e-05	9.03673e-05	9.04831e-05	9.05815e-05	9.06656e-05	9.07378e-05	9.08e-05	9.08538e-05	9.09004e-05	9.09409e-05	9.09761e-05	9.10068e-05	9.10334e-05	9.10565e-05	9.10766e-05	9.10939e-05	9.11088e-05	9.11216e-05	9.11324e-05	9.11415e-05	9.11491e-05	9.11552e-05	9.116e-05	9.11637e-05	9.11663e-05	9.11679e-05	9.11686e-05	9.11684e-05	9.11674e-05	9.11653e-05	9.11623e-05	9.1158e-05	9.11525e-05	9.11456e-05	9.11371e-05	9.11269e-05	9.11148e-05	9.11006e-05	9.1084e-05	9.10646e-05	9.10422e-05	9.10163e-05	9.09864e-05	9.09519e-05	9.09121e-05	9.08662e-05	9.08131e-05	9.07516e-05	9.06801e-05	9.05967e-05	9.04988e-05	9.03835e-05	9.02467e-05	9.00829e-05	8.9885e-05	8.96429e-05	8.9342e-05	8.89609e-05	8.84659e-05	8.78009e-05	8.68651e-05	8.54552e-05	8.30835e-05	7.81386e-05	9.18155e-05	
9.18155e-05	7.82696e-05	8.32111e-05	8.55712e-05	8.69718e-05	8.79008e-05	8.85608e-05	8.90521e-05	8.94305e-05	8.97293e-05	8.997e-05	9.01669e-05	9.033e-05	9.04664e-05	9.05815e-05	9.06793e-05	9.07628e-05	9.08345e-05	9.08962e-05	9.09496e-05	9.09959e-05	9.10361e-05	9.10711e-05	9.11014e-05	9.11279e-05	9.11508e-05	9.11707e-05	9.11879e-05	9.12027e-05	9.12153e-05	9.12261e-05	9.12351e-05	9.12426e-05	9.12486e-05	9.12534e-05	9.12571e-05	9.12596e-05	9.12612e-05	9.12619e-05	9.12617e-05	9.12607e-05	9.12587e-05	9.12557e-05	9.12515e-05	9.1246e-05	9.12392e-05	9.12308e-05	9.12207e-05	9.12087e-05	9.11946e-05	9.11781e-05	9.11589e-05	9.11367e-05	9.1111e-05	9.10814e-05	9.10472e-05	9.10077e-05	9.09622e-05	9.09095e-05	9.08484e-05	9.07774e-05	9.06945e-05	9.05974e-05	9.04828e-05	9.03468e-05	9.0184e-05	8.99871e-05	8.97462e-05	8.94468e-05	8.90674e-05	8.85743e-05	8.79115e-05	8.69784e-05	8.55716e-05	8.32033e-05	7.82614e-05	9.18155e-05	
9.18155e-05	7.83748e-05	8.33137e-05	8.56708e-05	8.70688e-05	8.79954e-05	8.86534e-05	8.91431e-05	8.952e-05	8.98176e-05	9.00572e-05	9.02532e-05	9.04154e-05	9.05511e-05	9.06656e-05	9.07628e-05	9.08458e-05	9.0917e-05	9.09784e-05	9.10315e-05	9.10775e-05	9.11174e-05	9.11521e-05	9.11822e-05	9.12085e-05	9.12312e-05	9.1251e-05	9.1268e-05	9.12827e-05	9.12953e-05	9.13059e-05	9.13149e-05	9.13223e-05	9.13283e-05	9.13331e-05	9.13367e-05	9.13393e-05	9.13408e-05	9.13415e-05	9.13414e-05	9.13404e-05	9.13384e-05	9.13354e-05	9.13312e-05	9.13258e-05	9.1319e-05	9.13107e-05	9.13007e-05	9.12888e-05	9.12748e-05	9.12585e-05	9.12394e-05	9.12174e-05	9.11919e-05	9.11625e-05	9.11285e-05	9.10893e-05	9.10441e-05	9.09918e-05	9.09311e-05	9.08606e-05	9.07782e-05	9.06816e-05	9.05677e-05	9.04324e-05	9.02704e-05	9.00746e-05	8.98348e-05	8.95366e-05	8.91587e-05	8.86673e-05	8.80067e-05	8.70759e-05	8.5672e-05	8.3307e-05	7.83679e-05	9.18155e-05	
9.18155e-05	7.84663e-05	8.34028e-05	8.5757e-05	8.71525e-05	8.80771e-05	8.87333e-05	8.92214e-05	8.9597e-05	8.98935e-05	9.01322e-05	9.03273e-05	9.04888e-05	9.06239e-05	9.07378e-05	9.08345e-05	9.0917e-05	9.09879e-05	9.10489e-05	9.11017e-05	9.11474e-05	9.11871e-05	9.12215e-05	9.12515e-05	9.12776e-05	9.13002e-05	9.13198e-05	9.13368e-05	9.13513e-05	9.13638e-05	9.13744e-05	9.13833e-05	9.13907e-05	9.13967e-05	9.14014e-05	9.1405e-05	9.14075e-05	9.14091e-05	9.14098e-05	9.14096e-05	9.14086e-05	9.14067e-05	9.14037e-05	9.13996e-05	9.13942e-05	9.13875e-05	9.13792e-05	9.13693e-05	9.13575e-05	9.13436e-05	9.13274e-05	9.13085e-05	9.12866e-05	9.12613e-05	9.1232e-05	9.11983e-05	9.11594e-05	9.11144e-05	9.10624e-05	9.10021e-05	9.0932e-05	9.08501e-05	9.0754e-05	9.06406e-05	9.0506e-05	9.03448e-05	9.01498e-05	8.9911e-05	8.9614e-05	8.92374e-05	8.87476e-05	8.80888e-05	8.71603e-05	8.5759e-05	8.3397e-05	7.84608e-05	9.18155e-05	
9.18155e-05	7.85462e-05	8.34802e-05	8.58319e-05	8.72251e-05	8.81477e-05	8.88023e-05	8.92891e-05	8.96636e-05	8.99591e-05	9.01969e-05	9.03913e-05	9.05521e-05	9.06866e-05	9.08e-05	9.08962e-05	9.09784e-05	9.10489e-05	9.11097e-05	9.11621e-05	9.12076e-05	9.12471e-05	9.12814e-05	9.13112e-05	9.13371e-05	9.13596e-05	9.13791e-05	9.13959e-05	9.14104e-05	9.14228e-05	9.14334e-05	9.14422e-05	9.14495e-05	9.14555e-05	9.14602e-05	9.14637e-05	9.14663e-05	9.14678e-05	9.14685e-05	9.14684e-05	9.14674e-05	9.14654e-05	9.14625e-05	9.14584e-05	9.14531e-05	9.14464e-05	9.14382e-05	9.14283e-05	9.14166e-05	9.14028e-05	9.13867e-05	9.13679e-05	9.13462e-05	9.1321e-05	9.1292e-05	9.12584e-05	9.12197e-05	9.1175e-05	9.11233e-05	9.10633e-05	9.09935e-05	9.0912e-05	9.08164e-05	9.07036e-05	9.05696e-05	9.0409e-05	9.02148e-05	8.99769e-05	8.96809e-05	8.93055e-05	8.88172e-05	8.816e-05	8.72335e-05	8.58346e-05	8.34754e-05	7.85421e-05	9.18155e-05	
9.18155e-05	7.8616e-05	8.35477e-05	8.5897e-05	8.72882e-05	8.82091e-05	8.88622e-05	8.93478e-05	8.97212e-05	9.00158e-05	9.02529e-05	9.04466e-05	9.06069e-05	9.07409e-05	9.08538e-05	9.09496e-05	9.10315e-05	9.11017e-05	9.11621e-05	9.12144e-05	9.12596e-05	9.12989e-05	9.1333e-05	9.13627e-05	9.13885e-05	9.14109e-05	9.14303e-05	9.1447e-05	9.14614e-05	9.14738e-05	9.14843e-05	9.14931e-05	9.15003e-05	9.15063e-05	9.15109e-05	9.15145e-05	9.1517e-05	9.15186e-05	9.15193e-05	9.15191e-05	9.15181e-05	9.15162e-05	9.15133e-05	9.15092e-05	9.15039e-05	9.14973e-05	9.14891e-05	9.14794e-05	9.14677e-05	9.1454e-05	9.1438e-05	9.14193e-05	9.13977e-05	9.13726e-05	9.13437e-05	9.13104e-05	9.12719e-05	9.12274e-05	9.1176e-05	9.11163e-05	9.10468e-05	9.09657e-05	9.08704e-05	9.07581e-05	9.06246e-05	9.04647e-05	9.02711e-05	9.0034e-05	8.9739e-05	8.93647e-05	8.88776e-05	8.8222e-05	8.72973e-05	8.59005e-05	8.35439e-05	7.86133e-05	9.18155e-05	
9.18155e-05	7.86772e-05	8.36067e-05	8.59538e-05	8.73431e-05	8.82625e-05	8.89143e-05	8.93988e-05	8.97713e-05	9.00651e-05	9.03015e-05	9.04946e-05	9.06544e-05	9.07879e-05	9.09004e-05	9.09959e-05	9.10775e-05	9.11474e-05	9.12076e-05	9.12596e-05	9.13047e-05	9.13438e-05	9.13778e-05	9.14073e-05	9.1433e-05	9.14553e-05	9.14746e-05	9.14912e-05	9.15056e-05	9.15179e-05	9.15283e-05	9.15371e-05	9.15443e-05	9.15502e-05	9.15549e-05	9.15584e-05	9.15609e-05	9.15625e-05	9.15632e-05	9.15631e-05	9.15621e-05	9.15602e-05	9.15572e-05	9.15532e-05	9.1548e-05	9.15414e-05	9.15333e-05	9.15235e-05	9.15119e-05	9.14983e-05	9.14824e-05	9.14638e-05	9.14423e-05	9.14174e-05	9.13886e-05	9.13554e-05	9.13171e-05	9.12728e-05	9.12216e-05	9.11622e-05	9.1093e-05	9.10122e-05	9.09173e-05	9.08054e-05	9.06724e-05	9.0513e-05	9.03201e-05	9.00837e-05	8.97895e-05	8.94162e-05	8.89302e-05	8.8276e-05	8.73529e-05	8.59581e-05	8.36039e-05	7.86759e-05	9.18155e-05	
9.18155e-05	7.8731e-05	8.36583e-05	8.60034e-05	8.7391e-05	8.8309e-05	8.89597e-05	8.94432e-05	8.98149e-05	9.0108e-05	9.03437e-05	9.05363e-05	9.06956e-05	9.08287e-05	9.09409e-05	9.10361e-05	9.11174e-05	9.11871e-05	9.12471e-05	9.12989e-05	9.13438e-05	9.13827e-05	9.14166e-05	9.1446e-05	9.14716e-05	9.14938e-05	9.1513e-05	9.15296e-05	9.15439e-05	9.15562e-05	9.15665e-05	9.15753e-05	9.15825e-05	9.15884e-05	9.1593e-05	9.15965e-05	9.1599e-05	9.16006e-05	9.16013e-05	9.16012e-05	9.16002e-05	9.15983e-05	9.15954e-05	9.15914e-05	9.15862e-05	9.15796e-05	9.15715e-05	9.15619e-05	9.15503e-05	9.15368e-05	9.15209e-05	9.15024e-05	9.1481e-05	9.14562e-05	9.14276e-05	9.13945e-05	9.13564e-05	9.13123e-05	9.12613e-05	9.1202e-05	9.11331e-05	9.10526e-05	9.09581e-05	9.08465e-05	9.07139e-05	9.0555e-05	9.03627e-05	9.01269e-05	8.98335e-05	8.9461e-05	8.89761e-05	8.83231e-05	8.74015e-05	8.60085e-05	8.36565e-05	7.87309e-05	9.18155e-05	
9.18155e-05	7.87781e-05	8.37034e-05	8.60468e-05	8.74329e-05	8.83496e-05	8.89993e-05	8.94819e-05	8.98528e-05	9.01453e-05	9.03805e-05	9.05726e-05	9.07315e-05	9.08643e-05	9.09761e-05	9.10711e-05	9.11521e-05	9.12215e-05	9.12814e-05	9.1333e-05	9.13778e-05	9.14166e-05	9.14503e-05	9.14796e-05	9.15051e-05	9.15272e-05	9.15464e-05	9.1563e-05	9.15772e-05	9.15894e-05	9.15997e-05	9.16084e-05	9.16156e-05	9.16215e-05	9.16261e-05	9.16296e-05	9.16321e-05	9.16337e-05	9.16344e-05	9.16343e-05	9.16333e-05	9.16314e-05	9.16285e-05	9.16245e-05	9.16193e-05	9.16128e-05	9.16048e-05	9.15952e-05	9.15837e-05	9.15702e-05	9.15544e-05	9.1536e-05	9.15146e-05	9.149e-05	9.14614e-05	9.14285e-05	9.13905e-05	9.13466e-05	9.12957e-05	9.12367e-05	9.1168e-05	9.10878e-05	9.09936e-05	9.08823e-05	9.07501e-05	9.05917e-05	9.03998e-05	9.01646e-05	8.98719e-05	8.95002e-05	8.90162e-05	8.83643e-05	8.74441e-05	8.60527e-05	8.37027e-05	7.87794e-05	9.18155e-05	
9.18155e-05	7.88195e-05	8.3743e-05	8.60847e-05	8.74694e-05	8.8385e-05	8.90337e-05	8.95156e-05	8.98859e-05	9.01778e-05	9.04125e-05	9.06042e-05	9.07627e-05	9.08952e-05	9.10068e-05	9.11014e-05	9.11822e-05	9.12515e-05	9.13112e-05	9.13627e-05	9.14073e-05	9.1446e-05	9.14796e-05	9.15089e-05	9.15343e-05	9.15563e-05	9.15754e-05	9.15919e-05	9.16061e-05	9.16183e-05	9.16286e-05	9.16373e-05	9.16444e-05	9.16503e-05	9.16549e-05	9.16584e-05	9.16609e-05	9.16625e-05	9.16632e-05	9.1663e-05	9.16621e-05	9.16602e-05	9.16573e-05	9.16534e-05	9.16482e-05	9.16417e-05	9.16337e-05	9.16241e-05	9.16127e-05	9.15992e-05	9.15835e-05	9.15652e-05	9.15439e-05	9.15193e-05	9.14909e-05	9.14581e-05	9.14202e-05	9.13764e-05	9.13258e-05	9.12669e-05	9.11984e-05	9.11184e-05	9.10245e-05	9.09135e-05	9.07817e-05	9.06236e-05	9.04322e-05	9.01975e-05	8.99054e-05	8.95344e-05	8.90513e-05	8.84003e-05	8.74813e-05	8.60914e-05	8.37432e-05	7.8822e-05	9.18155e-05	
9.18155e-05	7.88558e-05	8.37776e-05	8.61178e-05	8.75013e-05	8.84159e-05	8.90638e-05	8.95449e-05	8.99146e-05	9.0206e-05	9.04403e-05	9.06317e-05	9.07899e-05	9.0922e-05	9.10334e-05	9.11279e-05	9.12085e-05	9.12776e-05	9.13371e-05	9.13885e-05	9.1433e-05	9.14716e-05	9.15051e-05	9.15343e-05	9.15596e-05	9.15816e-05	9.16006e-05	9.16171e-05	9.16313e-05	9.16434e-05	9.16537e-05	9.16623e-05	9.16695e-05	9.16753e-05	9.16799e-05	9.16834e-05	9.16859e-05	9.16875e-05	9.16882e-05	9.1688e-05	9.16871e-05	9.16852e-05	9.16824e-05	9.16784e-05	9.16733e-05	9.16668e-05	9.16589e-05	9.16493e-05	9.16379e-05	9.16245e-05	9.16088e-05	9.15906e-05	9.15694e-05	9.15449e-05	9.15165e-05	9.14838e-05	9.14461e-05	9.14024e-05	9.13519e-05	9.12932e-05	9.12249e-05	9.11451e-05	9.10514e-05	9.09407e-05	9.08092e-05	9.06514e-05	9.04604e-05	9.02262e-05	8.99346e-05	8.95643e-05	8.90819e-05	8.84318e-05	8.75139e-05	8.61254e-05	8.37788e-05	7.88596e-05	9.18155e-05	
9.18155e-05	7.88876e-05	8.38078e-05	8.61467e-05	8.75291e-05	8.84428e-05	8.909e-05	8.95705e-05	8.99397e-05	9.02306e-05	9.04645e-05	9.06555e-05	9.08135e-05	9.09454e-05	9.10565e-05	9.11508e-05	9.12312e-05	9.13002e-05	9.13596e-05	9.14109e-05	9.14553e-05	9.14938e-05	9.15272e-05	9.15563e-05	9.15816e-05	9.16035e-05	9.16225e-05	9.16389e-05	9.16531e-05	9.16652e-05	9.16754e-05	9.16841e-05	9.16912e-05	9.1697e-05	9.17016e-05	9.17051e-05	9.17076e-05	9.17092e-05	9.17099e-05	9.17098e-05	9.17088e-05	9.1707e-05	9.17041e-05	9.17002e-05	9.16951e-05	9.16886e-05	9.16807e-05	9.16712e-05	9.16598e-05	9.16465e-05	9.16308e-05	9.16126e-05	9.15915e-05	9.1567e-05	9.15388e-05	9.15062e-05	9.14685e-05	9.1425e-05	9.13746e-05	9.13161e-05	9.12479e-05	9.11683e-05	9.10748e-05	9.09644e-05	9.08331e-05	9.06757e-05	9.0485e-05	9.02512e-05	8.99601e-05	8.95903e-05	8.91086e-05	8.84594e-05	8.75424e-05	8.61551e-05	8.381e-05	7.88926e-05	9.18155e-05	
9.18155e-05	7.89154e-05	8.38342e-05	8.61718e-05	8.75533e-05	8.84662e-05	8.91127e-05	8.95927e-05	8.99614e-05	9.0252e-05	9.04855e-05	9.06763e-05	9.08339e-05	9.09656e-05	9.10766e-05	9.11707e-05	9.1251e-05	9.13198e-05	9.13791e-05	9.14303e-05	9.14746e-05	9.1513e-05	9.15464e-05	9.15754e-05	9.16006e-05	9.16225e-05	9.16415e-05	9.16579e-05	9.1672e-05	9.1684e-05	9.16943e-05	9.17029e-05	9.171e-05	9.17158e-05	9.17204e-05	9.17239e-05	9.17264e-05	9.1728e-05	9.17287e-05	9.17286e-05	9.17276e-05	9.17258e-05	9.1723e-05	9.1719e-05	9.17139e-05	9.17075e-05	9.16996e-05	9.16901e-05	9.16788e-05	9.16655e-05	9.16499e-05	9.16317e-05	9.16107e-05	9.15863e-05	9.15581e-05	9.15256e-05	9.1488e-05	9.14446e-05	9.13943e-05	9.13359e-05	9.12679e-05	9.11885e-05	9.10951e-05	9.09849e-05	9.08539e-05	9.06967e-05	9.05064e-05	9.0273e-05	8.99823e-05	8.9613e-05	8.91319e-05	8.84834e-05	8.75672e-05	8.6181e-05	8.38373e-05	7.89215e-05	9.18155e-05	
9.18155e-05	7.89396e-05	8.38571e-05	8.61936e-05	8.75742e-05	8.84864e-05	8.91324e-05	8.96119e-05	8.99802e-05	9.02704e-05	9.05037e-05	9.06942e-05	9.08516e-05	9.09831e-05	9.10939e-05	9.11879e-05	9.1268e-05	9.13368e-05	9.13959e-05	9.1447e-05	9.14912e-05	9.15296e-05	9.1563e-05	9.15919e-05	9.16171e-05	9.16389e-05	9.16579e-05	9.16742e-05	9.16883e-05	9.17004e-05	9.17106e-05	9.17192e-05	9.17263e-05	9.17321e-05	9.17367e-05	9.17402e-05	9.17427e-05	9.17442e-05	9.17449e-05	9.17448e-05	9.17439e-05	9.17421e-05	9.17393e-05	9.17354e-05	9.17303e-05	9.17238e-05	9.1716e-05	9.17065e-05	9.16952e-05	9.16819e-05	9.16664e-05	9.16483e-05	9.16273e-05	9.16029e-05	9.15748e-05	9.15424e-05	9.15049e-05	9.14616e-05	9.14114e-05	9.13531e-05	9.12852e-05	9.12059e-05	9.11128e-05	9.10027e-05	9.08719e-05	9.0715e-05	9.05249e-05	9.02919e-05	9.00015e-05	8.96327e-05	8.91521e-05	8.85042e-05	8.75889e-05	8.62036e-05	8.38611e-05	7.89469e-05	9.18155e-05	
9.18155e-05	7.89605e-05	8.38769e-05	8.62125e-05	8.75923e-05	8.85039e-05	8.91493e-05	8.96284e-05	8.99963e-05	9.02863e-05	9.05193e-05	9.07096e-05	9.08668e-05	9.09982e-05	9.11088e-05	9.12027e-05	9.12827e-05	9.13513e-05	9.14104e-05	9.14614e-05	9.15056e-05	9.15439e-05	9.15772e-05	9.16061e-05	9.16313e-05	9.16531e-05	9.1672e-05	9.16883e-05	9.17024e-05	9.17144e-05	9.17246e-05	9.17332e-05	9.17403e-05	9.17461e-05	9.17507e-05	9.17542e-05	9.17567e-05	9.17582e-05	9.17589e-05	9.17588e-05	9.17579e-05	9.17561e-05	9.17533e-05	9.17494e-05	9.17443e-05	9.17379e-05	9.17301e-05	9.17206e-05	9.17094e-05	9.16961e-05	9.16806e-05	9.16625e-05	9.16416e-05	9.16173e-05	9.15892e-05	9.15569e-05	9.15194e-05	9.14762e-05	9.14261e-05	9.13679e-05	9.13002e-05	9.1221e-05	9.1128e-05	9.10181e-05	9.08875e-05	9.07308e-05	9.0541e-05	9.03082e-05	9.00182e-05	8.96497e-05	8.91696e-05	8.85223e-05	8.76076e-05	8.62232e-05	8.38818e-05	7.8969e-05	9.18155e-05	
9.18155e-05	7.89786e-05	8.38939e-05	8.62287e-05	8.76078e-05	8.85189e-05	8.91639e-05	8.96426e-05	9.00102e-05	9.02999e-05	9.05327e-05	9.07228e-05	9.08799e-05	9.10111e-05	9.11216e-05	9.12153e-05	9.12953e-05	9.13638e-05	9.14228e-05	9.14738e-05	9.15179e-05	9.15562e-05	9.15894e-05	9.16183e-05	9.16434e-05	9.16652e-05	9.1684e-05	9.17004e-05	9.17144e-05	9.17264e-05	9.17366e-05	9.17452e-05	9.17523e-05	9.17581e-05	9.17627e-05	9.17662e-05	9.17686e-05	9.17702e-05	9.17709e-05	9.17708e-05	9.17699e-05	9.17681e-05	9.17653e-05	9.17614e-05	9.17563e-05	9.175e-05	9.17421e-05	9.17327e-05	9.17215e-05	9.17083e-05	9.16928e-05	9.16747e-05	9.16538e-05	9.16296e-05	9.16016e-05	9.15693e-05	9.15319e-05	9.14887e-05	9.14387e-05	9.13806e-05	9.1313e-05	9.12339e-05	9.1141e-05	9.10313e-05	9.09008e-05	9.07443e-05	9.05547e-05	9.03222e-05	9.00325e-05	8.96644e-05	8.91847e-05	8.85379e-05	8.76238e-05	8.62402e-05	8.38997e-05	7.89882e-05	9.18155e-05	
9.18155e-05	7.89941e-05	8.39084e-05	8.62424e-05	8.7621e-05	8.85316e-05	8.91762e-05	8.96546e-05	9.0022e-05	9.03114e-05	9.05441e-05	9.0734e-05	9.08909e-05	9.1022e-05	9.11324e-05	9.12261e-05	9.13059e-05	9.13744e-05	9.14334e-05	9.14843e-05	9.15283e-05	9.15665e-05	9.15997e-05	9.16286e-05	9.16537e-05	9.16754e-05	9.16943e-05	9.17106e-05	9.17246e-05	9.17366e-05	9.17468e-05	9.17554e-05	9.17625e-05	9.17683e-05	9.17728e-05	9.17763e-05	9.17788e-05	9.17804e-05	9.17811e-05	9.1781e-05	9.17801e-05	9.17783e-05	9.17755e-05	9.17716e-05	9.17666e-05	9.17602e-05	9.17524e-05	9.1743e-05	9.17318e-05	9.17186e-05	9.17031e-05	9.16851e-05	9.16642e-05	9.16401e-05	9.16121e-05	9.15798e-05	9.15425e-05	9.14994e-05	9.14494e-05	9.13914e-05	9.13239e-05	9.12449e-05	9.11521e-05	9.10426e-05	9.09122e-05	9.07559e-05	9.05665e-05	9.03342e-05	9.00447e-05	8.96769e-05	8.91976e-05	8.85512e-05	8.76377e-05	8.62547e-05	8.39151e-05	7.90047e-05	9.18155e-05	
9.18155e-05	7.90071e-05	8.39207e-05	8.62541e-05	8.76321e-05	8.85423e-05	8.91866e-05	8.96647e-05	9.00319e-05	9.03211e-05	9.05536e-05	9.07434e-05	9.09002e-05	9.10312e-05	9.11415e-05	9.12351e-05	9.13149e-05	9.13833e-05	9.14422e-05	9.14931e-05	9.15371e-05	9.15753e-05	9.16084e-05	9.16373e-05	9.16623e-05	9.16841e-05	9.17029e-05	9.17192e-05	9.17332e-05	9.17452e-05	9.17554e-05	9.17639e-05	9.1771e-05	9.17768e-05	9.17814e-05	9.17849e-05	9.17874e-05	9.17889e-05	9.17897e-05	9.17896e-05	9.17887e-05	9.17869e-05	9.17841e-05	9.17802e-05	9.17752e-05	9.17688e-05	9.1761e-05	9.17517e-05	9.17405e-05	9.17273e-05	9.17119e-05	9.16939e-05	9.1673e-05	9.16489e-05	9.1621e-05	9.15887e-05	9.15515e-05	9.15084e-05	9.14585e-05	9.14006e-05	9.13331e-05	9.12542e-05	9.11615e-05	9.10521e-05	9.09218e-05	9.07657e-05	9.05764e-05	9.03443e-05	9.0055e-05	8.96875e-05	8.92085e-05	8.85625e-05	8.76495e-05	8.62671e-05	8.39282e-05	7.90188e-05	9.18155e-05	
9.18155e-05	7.90181e-05	8.39309e-05	8.62637e-05	8.76414e-05	8.85512e-05	8.91952e-05	8.96731e-05	9.00401e-05	9.03292e-05	9.05615e-05	9.07512e-05	9.09079e-05	9.10388e-05	9.11491e-05	9.12426e-05	9.13223e-05	9.13907e-05	9.14495e-05	9.15003e-05	9.15443e-05	9.15825e-05	9.16156e-05	9.16444e-05	9.16695e-05	9.16912e-05	9.171e-05	9.17263e-05	9.17403e-05	9.17523e-05	9.17625e-05	9.1771e-05	9.17781e-05	9.17839e-05	9.17885e-05	9.1792e-05	9.17945e-05	9.1796e-05	9.17968e-05	9.17967e-05	9.17958e-05	9.1794e-05	9.17912e-05	9.17874e-05	9.17823e-05	9.1776e-05	9.17682e-05	9.17588e-05	9.17477e-05	9.17345e-05	9.17191e-05	9.17011e-05	9.16803e-05	9.16562e-05	9.16283e-05	9.15961e-05	9.15589e-05	9.15159e-05	9.1466e-05	9.14082e-05	9.13407e-05	9.12619e-05	9.11693e-05	9.106e-05	9.09299e-05	9.07738e-05	9.05847e-05	9.03527e-05	9.00637e-05	8.96964e-05	8.92176e-05	8.85719e-05	8.76593e-05	8.62774e-05	8.39393e-05	7.90308e-05	9.18155e-05	
9.18155e-05	7.9027e-05	8.39392e-05	8.62716e-05	8.76489e-05	8.85584e-05	8.92022e-05	8.96799e-05	9.00467e-05	9.03357e-05	9.05679e-05	9.07575e-05	9.09142e-05	9.1045e-05	9.11552e-05	9.12486e-05	9.13283e-05	9.13967e-05	9.14555e-05	9.15063e-05	9.15502e-05	9.15884e-05	9.16215e-05	9.16503e-05	9.16753e-05	9.1697e-05	9.17158e-05	9.17321e-05	9.17461e-05	9.17581e-05	9.17683e-05	9.17768e-05	9.17839e-05	9.17897e-05	9.17943e-05	9.17978e-05	9.18003e-05	9.18018e-05	9.18025e-05	9.18025e-05	9.18016e-05	9.17998e-05	9.1797e-05	9.17932e-05	9.17882e-05	9.17818e-05	9.17741e-05	9.17647e-05	9.17536e-05	9.17404e-05	9.1725e-05	9.17071e-05	9.16863e-05	9.16622e-05	9.16343e-05	9.16022e-05	9.1565e-05	9.1522e-05	9.14722e-05	9.14144e-05	9.1347e-05	9.12683e-05	9.11758e-05	9.10665e-05	9.09364e-05	9.07805e-05	9.05915e-05	9.03597e-05	9.00708e-05	8.97037e-05	8.92251e-05	8.85798e-05	8.76675e-05	8.6286e-05	8.39485e-05	7.90407e-05	9.18155e-05	
9.18155e-05	7.90342e-05	8.39458e-05	8.62778e-05	8.76548e-05	8.85641e-05	8.92077e-05	8.96853e-05	9.0052e-05	9.03409e-05	9.0573e-05	9.07625e-05	9.09191e-05	9.10499e-05	9.116e-05	9.12534e-05	9.13331e-05	9.14014e-05	9.14602e-05	9.15109e-05	9.15549e-05	9.1593e-05	9.16261e-05	9.16549e-05	9.16799e-05	9.17016e-05	9.17204e-05	9.17367e-05	9.17507e-05	9.17627e-05	9.17728e-05	9.17814e-05	9.17885e-05	9.17943e-05	9.17989e-05	9.18023e-05	9.18048e-05	9.18064e-05	9.18071e-05	9.18071e-05	9.18062e-05	9.18044e-05	9.18016e-05	9.17978e-05	9.17928e-05	9.17865e-05	9.17787e-05	9.17694e-05	9.17582e-05	9.17451e-05	9.17297e-05	9.17118e-05	9.1691e-05	9.16669e-05	9.16391e-05	9.1607e-05	9.15698e-05	9.15269e-05	9.14771e-05	9.14193e-05	9.1352e-05	9.12733e-05	9.11809e-05	9.10716e-05	9.09417e-05	9.07858e-05	9.0597e-05	9.03652e-05	9.00765e-05	8.97095e-05	8.92312e-05	8.8586e-05	8.76741e-05	8.6293e-05	8.39559e-05	7.90489e-05	9.18155e-05	
9.18155e-05	7.90398e-05	8.39509e-05	8.62826e-05	8.76593e-05	8.85685e-05	8.92119e-05	8.96894e-05	9.0056e-05	9.03448e-05	9.05769e-05	9.07663e-05	9.09228e-05	9.10536e-05	9.11637e-05	9.12571e-05	9.13367e-05	9.1405e-05	9.14637e-05	9.15145e-05	9.15584e-05	9.15965e-05	9.16296e-05	9.16584e-05	9.16834e-05	9.17051e-05	9.17239e-05	9.17402e-05	9.17542e-05	9.17662e-05	9.17763e-05	9.17849e-05	9.1792e-05	9.17978e-05	9.18023e-05	9.18058e-05	9.18083e-05	9.18099e-05	9.18106e-05	9.18106e-05	9.18097e-05	9.18079e-05	9.18052e-05	9.18013e-05	9.17963e-05	9.179e-05	9.17823e-05	9.17729e-05	9.17618e-05	9.17487e-05	9.17333e-05	9.17154e-05	9.16946e-05	9.16706e-05	9.16428e-05	9.16107e-05	9.15735e-05	9.15306e-05	9.14809e-05	9.14231e-05	9.13559e-05	9.12772e-05	9.11848e-05	9.10756e-05	9.09458e-05	9.079e-05	9.06012e-05	9.03695e-05	9.00809e-05	8.97141e-05	8.92359e-05	8.85909e-05	8.76792e-05	8.62984e-05	8.39618e-05	7.90554e-05	9.18155e-05	
9.18155e-05	7.90438e-05	8.39546e-05	8.6286e-05	8.76625e-05	8.85716e-05	8.92149e-05	8.96923e-05	9.00588e-05	9.03475e-05	9.05796e-05	9.07689e-05	9.09255e-05	9.10562e-05	9.11663e-05	9.12596e-05	9.13393e-05	9.14075e-05	9.14663e-05	9.1517e-05	9.15609e-05	9.1599e-05	9.16321e-05	9.16609e-05	9.16859e-05	9.17076e-05	9.17264e-05	9.17427e-05	9.17567e-05	9.17686e-05	9.17788e-05	9.17874e-05	9.17945e-05	9.18003e-05	9.18048e-05	9.18083e-05	9.18108e-05	9.18124e-05	9.18131e-05	9.18131e-05	9.18122e-05	9.18104e-05	9.18077e-05	9.18039e-05	9.17989e-05	9.17926e-05	9.17848e-05	9.17755e-05	9.17644e-05	9.17513e-05	9.17359e-05	9.1718e-05	9.16973e-05	9.16732e-05	9.16454e-05	9.16133e-05	9.15762e-05	9.15333e-05	9.14836e-05	9.14259e-05	9.13587e-05	9.128e-05	9.11877e-05	9.10785e-05	9.09487e-05	9.0793e-05	9.06042e-05	9.03727e-05	9.00842e-05	8.97174e-05	8.92394e-05	8.85946e-05	8.7683e-05	8.63025e-05	8.39662e-05	7.90604e-05	9.18155e-05	
9.18155e-05	7.90465e-05	8.39569e-05	8.62881e-05	8.76645e-05	8.85735e-05	8.92167e-05	8.9694e-05	9.00605e-05	9.03492e-05	9.05812e-05	9.07706e-05	9.09271e-05	9.10578e-05	9.11679e-05	9.12612e-05	9.13408e-05	9.14091e-05	9.14678e-05	9.15186e-05	9.15625e-05	9.16006e-05	9.16337e-05	9.16625e-05	9.16875e-05	9.17092e-05	9.1728e-05	9.17442e-05	9.17582e-05	9.17702e-05	9.17804e-05	9.17889e-05	9.1796e-05	9.18018e-05	9.18064e-05	9.18099e-05	9.18124e-05	9.1814e-05	9.18147e-05	9.18147e-05	9.18138e-05	9.1812e-05	9.18093e-05	9.18055e-05	9.18005e-05	9.17942e-05	9.17864e-05	9.17771e-05	9.1766e-05	9.17529e-05	9.17376e-05	9.17197e-05	9.16989e-05	9.16749e-05	9.16471e-05	9.16151e-05	9.1578e-05	9.15351e-05	9.14854e-05	9.14277e-05	9.13605e-05	9.12819e-05	9.11896e-05	9.10805e-05	9.09507e-05	9.0795e-05	9.06063e-05	9.03748e-05	9.00863e-05	8.97197e-05	8.92417e-05	8.8597e-05	8.76856e-05	8.63053e-05	8.39693e-05	7.90639e-05	9.18155e-05	
9.18155e-05	7.90478e-05	8.3958e-05	8.62891e-05	8.76655e-05	8.85743e-05	8.92175e-05	8.96948e-05	9.00613e-05	9.035e-05	9.0582e-05	9.07713e-05	9.09278e-05	9.10585e-05	9.11686e-05	9.12619e-05	9.13415e-05	9.14098e-05	9.14685e-05	9.15193e-05	9.15632e-05	9.16013e-05	9.16344e-05	9.16632e-05	9.16882e-05	9.17099e-05	9.17287e-05	9.17449e-05	9.17589e-05	9.17709e-05	9.17811e-05	9.17897e-05	9.17968e-05	9.18025e-05	9.18071e-05	9.18106e-05	9.18131e-05	9.18147e-05	9.18155e-05	9.18154e-05	9.18146e-05	9.18128e-05	9.181e-05	9.18062e-05	9.18012e-05	9.1795e-05	9.17872e-05	9.17779e-05	9.17668e-05	9.17537e-05	9.17384e-05	9.17205e-05	9.16998e-05	9.16757e-05	9.1648e-05	9.16159e-05	9.15788e-05	9.1536e-05	9.14863e-05	9.14286e-05	9.13614e-05	9.12828e-05	9.11905e-05	9.10815e-05	9.09517e-05	9.0796e-05	9.06074e-05	9.03759e-05	9.00875e-05	8.97209e-05	8.9243e-05	8.85984e-05	8.76871e-05	8.6307e-05	8.39712e-05	7.90662e-05	9.18155e-05	
9.18155e-05	7.9048e-05	8.3958e-05	8.6289e-05	8.76653e-05	8.85742e-05	8.92174e-05	8.96946e-05	9.00611e-05	9.03498e-05	9.05818e-05	9.07711e-05	9.09276e-05	9.10583e-05	9.11684e-05	9.12617e-05	9.13414e-05	9.14096e-05	9.14684e-05	9.15191e-05	9.15631e-05	9.16012e-05	9.16343e-05	9.1663e-05	9.1688e-05	9.17098e-05	9.17286e-05	9.17448e-05	9.17588e-05	9.17708e-05	9.1781e-05	9.17896e-05	9.17967e-05	9.18025e-05	9.18071e-05	9.18106e-05	9.18131e-05	9.18147e-05	9.18154e-05	9.18154e-05	9.18145e-05	9.18128e-05	9.181e-05	9.18062e-05	9.18012e-05	9.17949e-05	9.17872e-05	9.17779e-05	9.17668e-05	9.17537e-05	9.17384e-05	9.17205e-05	9.16998e-05	9.16758e-05	9.1648e-05	9.1616e-05	9.15789e-05	9.1536e-05	9.14864e-05	9.14287e-05	9.13615e-05	9.1283e-05	9.11907e-05	9.10816e-05	9.09518e-05	9.07962e-05	9.06076e-05	9.03761e-05	9.00877e-05	8.97212e-05	8.92434e-05	8.85988e-05	8.76876e-05	8.63076e-05	8.3972e-05	7.90673e-05	9.18155e-05	
9.18155e-05	7.9047e-05	8.39568e-05	8.62878e-05	8.76641e-05	8.85729e-05	8.92162e-05	8.96935e-05	9.006e-05	9.03487e-05	9.05807e-05	9.077e-05	9.09266e-05	9.10573e-05	9.11674e-05	9.12607e-05	9.13404e-05	9.14086e-05	9.14674e-05	9.15181e-05	9.15621e-05	9.16002e-05	9.16333e-05	9.16621e-05	9.16871e-05	9.17088e-05	9.17276e-05	9.17439e-05	9.17579e-05	9.17699e-05	9.17801e-05	9.17887e-05	9.17958e-05	9.18016e-05	9.18062e-05	9.18097e-05	9.18122e-05	9.18138e-05	9.18146e-05	9.18145e-05	9.18137e-05	9.18119e-05	9.18092e-05	9.18054e-05	9.18004e-05	9.17941e-05	9.17864e-05	9.17771e-05	9.1766e-05	9.17529e-05	9.17376e-05	9.17197e-05	9.1699e-05	9.1675e-05	9.16472e-05	9.16152e-05	9.15781e-05	9.15353e-05	9.14856e-05	9.14279e-05	9.13607e-05	9.12822e-05	9.11899e-05	9.10808e-05	9.09511e-05	9.07955e-05	9.06068e-05	9.03754e-05	9.0087e-05	8.97205e-05	8.92427e-05	8.85982e-05	8.7687e-05	8.63071e-05	8.39716e-05	7.90671e-05	9.18155e-05	
9.18155e-05	7.90446e-05	8.39543e-05	8.62853e-05	8.76617e-05	8.85706e-05	8.92139e-05	8.96912e-05	9.00577e-05	9.03465e-05	9.05785e-05	9.07679e-05	9.09245e-05	9.10552e-05	9.11653e-05	9.12587e-05	9.13384e-05	9.14067e-05	9.14654e-05	9.15162e-05	9.15602e-05	9.15983e-05	9.16314e-05	9.16602e-05	9.16852e-05	9.1707e-05	9.17258e-05	9.17421e-05	9.17561e-05	9.17681e-05	9.17783e-05	9.17869e-05	9.1794e-05	9.17998e-05	9.18044e-05	9.18079e-05	9.18104e-05	9.1812e-05	9.18128e-05	9.18128e-05	9.18119e-05	9.18101e-05	9.18074e-05	9.18036e-05	9.17986e-05	9.17924e-05	9.17846e-05	9.17753e-05	9.17642e-05	9.17512e-05	9.17358e-05	9.1718e-05	9.16973e-05	9.16733e-05	9.16455e-05	9.16135e-05	9.15764e-05	9.15335e-05	9.14839e-05	9.14262e-05	9.1359e-05	9.12805e-05	9.11882e-05	9.10791e-05	9.09494e-05	9.07937e-05	9.06051e-05	9.03737e-05	9.00853e-05	8.97188e-05	8.92409e-05	8.85964e-05	8.76853e-05	8.63053e-05	8.39699e-05	7.90657e-05	9.18155e-05	
9.18155e-05	7.90407e-05	8.39505e-05	8.62815e-05	8.7658e-05	8.8567e-05	8.92104e-05	8.96878e-05	9.00544e-05	9.03432e-05	9.05753e-05	9.07647e-05	9.09213e-05	9.10521e-05	9.11623e-05	9.12557e-05	9.13354e-05	9.14037e-05	9.14625e-05	9.15133e-05	9.15572e-05	9.15954e-05	9.16285e-05	9.16573e-05	9.16824e-05	9.17041e-05	9.1723e-05	9.17393e-05	9.17533e-05	9.17653e-05	9.17755e-05	9.17841e-05	9.17912e-05	9.1797e-05	9.18016e-05	9.18052e-05	9.18077e-05	9.18093e-05	9.181e-05	9.181e-05	9.18092e-05	9.18074e-05	9.18047e-05	9.18009e-05	9.17959e-05	9.17896e-05	9.17819e-05	9.17726e-05	9.17615e-05	9.17485e-05	9.17331e-05	9.17153e-05	9.16946e-05	9.16706e-05	9.16428e-05	9.16107e-05	9.15737e-05	9.15308e-05	9.14812e-05	9.14235e-05	9.13563e-05	9.12777e-05	9.11854e-05	9.10764e-05	9.09466e-05	9.07909e-05	9.06023e-05	9.03709e-05	9.00824e-05	8.97159e-05	8.9238e-05	8.85935e-05	8.76823e-05	8.63023e-05	8.39669e-05	7.90628e-05	9.18155e-05	
